0.0005700588226318359
0.0002410411834716797
0.00048470497131347656
0.0003154277801513672
0.00016999244689941406
0.00024509429931640625
0.0003905296325683594
0.0002143383026123047
0.00020241737365722656
0.0002224445343017578
0.0008342266082763672
0.00018525123596191406
0.00019073486328125
0.0003592967987060547
0.0001201629638671875
0.00013303756713867188
0.00014472007751464844
0.00014162063598632812
0.000148773193359375
0.0001342296600341797
0.00012350082397460938
0.00012993812561035156
9.179115295410156e-05
0.0001373291015625
0.00012445449829101562
9.703636169433594e-05
0.0004010200500488281
0.000141143798828125
0.00012540817260742188
0.0003380775451660156
0.00014162063598632812
0.0001327991485595703
0.00011396408081054688
0.00031185150146484375
0.00015163421630859375
0.00041556358337402344
0.00011777877807617188
0.0001556873321533203
0.00037741661071777344
0.0001163482666015625
0.00011348724365234375
0.00013494491577148438
0.00032639503479003906
9.989738464355469e-05
9.393692016601562e-05
0.0003764629364013672
0.0001289844512939453
0.00012350082397460938
0.0001621246337890625
0.00015091896057128906
0.0001277923583984375
0.00011706352233886719
0.00012230873107910156
9.274482727050781e-05
9.083747863769531e-05
0.00012350082397460938
0.00012922286987304688
0.00013375282287597656
0.0002799034118652344
0.00014209747314453125
9.942054748535156e-05
0.00035953521728515625
0.00010275840759277344
0.0001499652862548828
0.00013375282287597656
0.0001201629638671875
0.0005428791046142578
0.00013256072998046875
0.0001361370086669922
0.00013327598571777344
0.0007848739624023438
9.72747802734375e-05
0.00019621849060058594
0.00038242340087890625
0.000392913818359375
0.00011157989501953125
0.00011658668518066406
0.0003952980041503906
0.0001552104949951172
0.00011134147644042969
8.988380432128906e-05
0.0001227855682373047
9.059906005859375e-05
0.00014829635620117188
0.00013375282287597656
0.00015616416931152344
0.00013566017150878906
0.0002498626708984375
0.0002753734588623047
0.00011706352233886719
0.0003840923309326172
0.00016498565673828125
0.00011515617370605469
0.0001266002655029297
0.0004811286926269531
0.00011801719665527344
0.0001468658447265625
0.00012421607971191406
0.00036072731018066406
0.0005919933319091797
0.0001327991485595703
0.00013136863708496094
0.00013303756713867188
9.202957153320312e-05
0.00015425682067871094
9.274482727050781e-05
0.00033354759216308594
0.00039386749267578125
0.00012540817260742188
9.369850158691406e-05
0.00036144256591796875
0.00010585784912109375
0.00014781951904296875
0.0001239776611328125
0.0001232624053955078
0.00014781951904296875
0.0001442432403564453
0.00014472007751464844
0.00013065338134765625
0.00012230873107910156
0.0004048347473144531
9.369850158691406e-05
0.0005829334259033203
0.0007634162902832031
0.0005786418914794922
0.00013208389282226562
0.0005197525024414062
0.00013113021850585938
0.00011491775512695312
0.00013327598571777344
0.00013017654418945312
0.00014591217041015625
0.00011372566223144531
0.0001575946807861328
9.274482727050781e-05
0.0001270771026611328
8.916854858398438e-05
0.00014829635620117188
0.0001442432403564453
0.00035381317138671875
0.0003719329833984375
0.0001494884490966797
0.0005390644073486328
0.00013947486877441406
8.7738037109375e-05
0.0004112720489501953
0.00011372566223144531
0.00013637542724609375
0.0002579689025878906
0.00010061264038085938
6.914138793945312e-05
9.131431579589844e-05
0.00010752677917480469
0.00011467933654785156
0.0002913475036621094
0.00029659271240234375
0.00012612342834472656
0.00011205673217773438
0.00026535987854003906
0.00016355514526367188
0.0003495216369628906
0.00017189979553222656
0.00014448165893554688
0.00015401840209960938
0.0003185272216796875
0.00042557716369628906
0.00012230873107910156
0.0003466606140136719
0.0001494884490966797
0.0008451938629150391
0.0001304149627685547
0.0005056858062744141
9.584426879882812e-05
0.00012540817260742188
0.00031685829162597656
8.082389831542969e-05
0.0001380443572998047
7.534027099609375e-05
0.00012373924255371094
0.00013828277587890625
0.0001220703125
0.0001323223114013672
0.00011610984802246094
0.00013136863708496094
0.00011873245239257812
0.00014638900756835938
0.0001366138458251953
0.00011992454528808594
0.00033354759216308594
0.00012922286987304688
0.00026345252990722656
0.0002868175506591797
0.00012540817260742188
9.107589721679688e-05
0.0001399517059326172
0.00013184547424316406
0.00011229515075683594
0.000537872314453125
0.0001087188720703125
0.00013971328735351562
0.0001404285430908203
9.250640869140625e-05
0.00011873245239257812
9.179115295410156e-05
0.00052642822265625
0.00010776519775390625
0.00014448165893554688
0.0003337860107421875
0.00016880035400390625
0.000133514404296875
0.00013685226440429688
9.322166442871094e-05
0.00013208389282226562
0.00015664100646972656
0.00011968612670898438
0.00011682510375976562
0.0002300739288330078
0.00011658668518066406
0.00012803077697753906
8.845329284667969e-05
0.0003304481506347656
0.0003402233123779297
0.00023603439331054688
0.0003371238708496094
0.00012636184692382812
0.0001537799835205078
0.00013947486877441406
0.0005676746368408203
0.0001480579376220703
0.0001442432403564453
0.00012302398681640625
9.274482727050781e-05
0.00013756752014160156
9.012222290039062e-05
0.0001342296600341797
0.00014591217041015625
0.0006039142608642578
0.00013875961303710938
0.00013566017150878906
0.0005695819854736328
0.000270843505859375
0.00023174285888671875
0.000133514404296875
0.0001308917999267578
0.0006341934204101562
0.00016045570373535156
0.00014472007751464844
0.0001513957977294922
0.00017905235290527344
0.00013780593872070312
0.00013589859008789062
0.00013709068298339844
0.0003509521484375
0.00036597251892089844
0.0001499652862548828
0.00039958953857421875
0.0001385211944580078
0.0003447532653808594
0.0001537799835205078
0.00014495849609375
0.0002715587615966797
0.00013709068298339844
0.0001537799835205078
0.00015091896057128906
0.000152587890625
0.0001347064971923828
0.0001480579376220703
0.0001361370086669922
0.0003540515899658203
0.00014591217041015625
0.00012302398681640625
0.00011587142944335938
0.00030493736267089844
0.00010275840759277344
0.0001327991485595703
0.00013828277587890625
0.0005185604095458984
0.00011849403381347656
0.00013327598571777344
0.00010538101196289062
0.00012063980102539062
0.00012493133544921875
9.417533874511719e-05
0.00013566017150878906
9.083747863769531e-05
0.00035643577575683594
0.0003845691680908203
0.0001461505889892578
0.00034046173095703125
0.0001304149627685547
0.00012373924255371094
9.441375732421875e-05
0.0003285408020019531
8.845329284667969e-05
0.0001232624053955078
0.0005266666412353516
8.821487426757812e-05
0.00013256072998046875
0.0001404285430908203
0.00011849403381347656
0.00012230873107910156
0.0003769397735595703
0.0001494884490966797
0.00012445449829101562
0.0004189014434814453
0.00013136863708496094
0.0001323223114013672
0.0001537799835205078
0.00013518333435058594
0.0006933212280273438
9.202957153320312e-05
8.58306884765625e-05
0.00045871734619140625
0.0005905628204345703
0.00010967254638671875
0.00011324882507324219
0.000461578369140625
0.0003211498260498047
0.00010275840759277344
0.00012946128845214844
0.00039196014404296875
0.00012254714965820312
0.0001125335693359375
0.00038695335388183594
0.0001475811004638672
0.0003399848937988281
0.0001125335693359375
0.00011014938354492188
0.0004200935363769531
0.00011491775512695312
9.393692016601562e-05
0.00016379356384277344
0.0001380443572998047
0.0002963542938232422
0.00012612342834472656
0.00011682510375976562
0.00035071372985839844
0.00015997886657714844
0.00011730194091796875
0.00017952919006347656
0.00014710426330566406
8.893013000488281e-05
0.00014328956604003906
9.393692016601562e-05
0.00014066696166992188
0.00015115737915039062
0.00014734268188476562
0.00014829635620117188
9.107589721679688e-05
0.00037860870361328125
0.00014162063598632812
0.0001552104949951172
0.0003361701965332031
0.00016307830810546875
0.0001571178436279297
0.00013566017150878906
0.0005619525909423828
0.0001614093780517578
0.00015163421630859375
0.00013637542724609375
0.0001366138458251953
0.00012350082397460938
0.0005350112915039062
0.0001049041748046875
0.00013136863708496094
0.00013685226440429688
0.0003979206085205078
0.00016069412231445312
0.0001323223114013672
0.00029277801513671875
0.00011897087097167969
0.0001342296600341797
0.00012111663818359375
8.821487426757812e-05
0.0003261566162109375
0.00014591217041015625
0.00014352798461914062
0.00014495849609375
0.00011682510375976562
0.0001246929168701172
0.000152587890625
0.00015544891357421875
0.0006551742553710938
0.00012445449829101562
0.00012540817260742188
0.0003352165222167969
0.0002522468566894531
0.00013375282287597656
0.0003147125244140625
0.00013375282287597656
0.0001380443572998047
9.703636169433594e-05
0.00012421607971191406
0.0002193450927734375
0.0001506805419921875
0.00015687942504882812
0.0001277923583984375
0.0002963542938232422
0.0005702972412109375
0.00014090538024902344
0.0005996227264404297
0.00029277801513671875
0.00014090538024902344
0.0001342296600341797
0.00012969970703125
0.00013899803161621094
0.0003266334533691406
0.00013017654418945312
0.0001361370086669922
0.00013184547424316406
0.0003421306610107422
0.00013208389282226562
0.0006670951843261719
0.00013875961303710938
0.000762939453125
0.00041937828063964844
0.00013566017150878906
0.0005018711090087891
0.00016999244689941406
0.00014543533325195312
0.00013446807861328125
0.00012755393981933594
0.0003902912139892578
9.703636169433594e-05
0.00043487548828125
0.0002090930938720703
0.00015592575073242188
0.0003426074981689453
0.0005688667297363281
0.00011110305786132812
0.0003142356872558594
0.00015282630920410156
9.012222290039062e-05
0.0003764629364013672
0.0001590251922607422
0.0006511211395263672
0.0001285076141357422
0.00013017654418945312
8.845329284667969e-05
0.00010848045349121094
8.416175842285156e-05
0.00016880035400390625
0.0004258155822753906
0.00014328956604003906
0.0003750324249267578
0.00013637542724609375
0.00036978721618652344
0.00010657310485839844
0.00012230873107910156
9.012222290039062e-05
0.0006120204925537109
9.560585021972656e-05
0.00011491775512695312
0.00012230873107910156
0.00011348724365234375
0.0001480579376220703
0.00013375282287597656
0.00032711029052734375
0.00011181831359863281
0.00011134147644042969
9.1552734375e-05
0.00014591217041015625
0.00011491775512695312
0.0003287792205810547
0.0016741752624511719
0.00011205673217773438
0.0003333091735839844
0.00011801719665527344
0.00011610984802246094
0.00013971328735351562
0.00011515617370605469
0.00011420249938964844
0.00011706352233886719
0.00033974647521972656
8.869171142578125e-05
0.0001480579376220703
0.00012063980102539062
0.00012302398681640625
8.988380432128906e-05
0.00045752525329589844
0.00012421607971191406
0.0001804828643798828
0.0006356239318847656
0.00012111663818359375
0.0006296634674072266
0.0001304149627685547
0.0006062984466552734
0.0001506805419921875
8.96453857421875e-05
0.0001327991485595703
0.00013208389282226562
0.0001354217529296875
0.00012874603271484375
0.00028014183044433594
9.083747863769531e-05
0.0003592967987060547
0.00012087821960449219
0.0007333755493164062
0.0004057884216308594
0.000141143798828125
0.00013375282287597656
8.988380432128906e-05
0.00015306472778320312
0.0006380081176757812
0.00012350082397460938
9.369850158691406e-05
0.0001316070556640625
9.107589721679688e-05
0.0006060600280761719
0.0001232624053955078
0.0001323223114013672
0.0003101825714111328
9.822845458984375e-05
0.00011038780212402344
0.0003597736358642578
9.870529174804688e-05
9.036064147949219e-05
0.0003616809844970703
9.131431579589844e-05
0.00012040138244628906
0.00011587142944335938
9.584426879882812e-05
0.0001323223114013672
0.00011968612670898438
0.0005016326904296875
0.00014662742614746094
0.00013017654418945312
0.0003600120544433594
0.00012755393981933594
0.00013065338134765625
0.0005407333374023438
8.797645568847656e-05
0.00010943412780761719
0.00010156631469726562
0.00012636184692382812
0.00014448165893554688
0.00011610984802246094
0.0003731250762939453
0.00010204315185546875
9.441375732421875e-05
0.000118255615234375
0.00011777877807617188
0.00011444091796875
0.0006577968597412109
0.00037479400634765625
0.0001423358917236328
0.00011968612670898438
0.00030040740966796875
0.00012636184692382812
0.0008132457733154297
0.00037980079650878906
0.0004496574401855469
0.0003292560577392578
0.00013947486877441406
0.00013685226440429688
0.00013327598571777344
0.00011682510375976562
0.00015115737915039062
0.00011754035949707031
0.00013184547424316406
0.00032138824462890625
0.00012636184692382812
0.00011420249938964844
0.0003561973571777344
0.00011277198791503906
0.00011849403381347656
0.00011968612670898438
0.0008807182312011719
0.000102996826171875
0.00012540817260742188
0.00011134147644042969
0.00012373924255371094
8.821487426757812e-05
0.00012922286987304688
0.0001220703125
0.00031495094299316406
0.0003769397735595703
0.0001232624053955078
0.00010776519775390625
0.0005643367767333984
0.00010061264038085938
0.0003886222839355469
0.00011944770812988281
0.00013756752014160156
0.000118255615234375
0.00012946128845214844
0.00012373924255371094
0.00013017654418945312
0.00012445449829101562
0.00011777877807617188
0.00015115737915039062
0.00011968612670898438
0.00027441978454589844
0.00013637542724609375
0.00012946128845214844
0.0004444122314453125
0.00011324882507324219
0.00012135505676269531
0.00011944770812988281
0.0001308917999267578
0.0001227855682373047
0.0001220703125
0.00011181831359863281
0.0001251697540283203
0.00048732757568359375
0.00011873245239257812
0.000110626220703125
0.00014495849609375
0.0006537437438964844
0.00017189979553222656
0.00012350082397460938
0.0003292560577392578
9.703636169433594e-05
0.00011229515075683594
0.00011229515075683594
0.00017499923706054688
9.34600830078125e-05
0.0002675056457519531
0.00011491775512695312
0.0005254745483398438
0.00011587142944335938
6.890296936035156e-05
0.0001125335693359375
0.00037288665771484375
0.0003325939178466797
0.00013756752014160156
0.00013113021850585938
0.00011491775512695312
0.00029349327087402344
0.0001506805419921875
0.0005359649658203125
0.0003495216369628906
0.0001480579376220703
9.560585021972656e-05
0.00012111663818359375
0.00011944770812988281
0.00012183189392089844
0.00011277198791503906
0.00011897087097167969
0.00011539459228515625
0.00012230873107910156
0.0003275871276855469
0.00012350082397460938
0.00011420249938964844
0.00033855438232421875
0.0001285076141357422
0.0001316070556640625
0.00015091896057128906
0.00011777877807617188
0.0006163120269775391
0.00018024444580078125
0.00011682510375976562
9.942054748535156e-05
0.00017571449279785156
0.00036215782165527344
0.00013303756713867188
0.0001289844512939453
0.00038552284240722656
0.0001366138458251953
0.0001437664031982422
0.0002968311309814453
0.0004627704620361328
0.0001289844512939453
0.0001366138458251953
0.000152587890625
0.0001575946807861328
0.0001316070556640625
0.00011396408081054688
0.0001316070556640625
9.107589721679688e-05
9.107589721679688e-05
0.00012826919555664062
0.00013494491577148438
0.0003733634948730469
0.00011372566223144531
0.0001239776611328125
0.00034618377685546875
8.082389831542969e-05
0.00011777877807617188
0.0004410743713378906
0.00015544891357421875
7.581710815429688e-05
0.00012755393981933594
0.00011563301086425781
0.00018095970153808594
0.00025916099548339844
9.679794311523438e-05
0.0001499652862548828
0.00013756752014160156
0.00044989585876464844
0.000141143798828125
0.00012373924255371094
0.0003504753112792969
0.0001087188720703125
0.00011658668518066406
0.0001227855682373047
0.00011754035949707031
0.0005154609680175781
0.00012063980102539062
0.0001227855682373047
0.00012826919555664062
0.00011515617370605469
0.0004584789276123047
0.0001266002655029297
0.0001232624053955078
0.0002579689025878906
0.00013208389282226562
0.0003757476806640625
0.0003962516784667969
0.0001461505889892578
0.00012946128845214844
0.00013756752014160156
0.00015425682067871094
0.00013899803161621094
0.00014472007751464844
0.00012063980102539062
0.0001544952392578125
0.00010371208190917969
0.00010204315185546875
0.000125885009765625
0.0001354217529296875
0.0001347064971923828
0.0003573894500732422
0.00047135353088378906
0.00015687942504882812
0.0002989768981933594
0.0001327991485595703
0.00013899803161621094
0.00019431114196777344
0.0001266002655029297
0.0001494884490966797
0.00013518333435058594
0.00012445449829101562
0.00011849403381347656
0.0001666545867919922
0.00012230873107910156
0.0005006790161132812
0.00015807151794433594
0.00038623809814453125
0.00016260147094726562
9.799003601074219e-05
0.00041174888610839844
0.0001277923583984375
0.00011897087097167969
9.822845458984375e-05
0.00013971328735351562
0.0001418590545654297
0.00012755393981933594
0.00012612342834472656
0.0001354217529296875
0.0001475811004638672
0.0002968311309814453
0.0002281665802001953
0.00013327598571777344
0.0003604888916015625
0.0001919269561767578
0.00013208389282226562
0.0003821849822998047
0.00015854835510253906
0.00011730194091796875
0.000133514404296875
0.0006060600280761719
0.0001380443572998047
0.00017714500427246094
0.00013208389282226562
0.0001468658447265625
0.0001232624053955078
9.131431579589844e-05
8.869171142578125e-05
0.0001308917999267578
0.00028395652770996094
0.0001347064971923828
0.000133514404296875
0.0003571510314941406
0.0001285076141357422
0.00011396408081054688
0.00013208389282226562
8.630752563476562e-05
0.00029850006103515625
0.00013899803161621094
0.000125885009765625
0.000148773193359375
0.00011444091796875
0.00011134147644042969
0.00015616416931152344
0.00011491775512695312
0.0004417896270751953
0.00010275840759277344
0.00013065338134765625
0.00037407875061035156
0.00010442733764648438
0.00015282630920410156
0.0001533031463623047
0.0001614093780517578
9.179115295410156e-05
0.00014638900756835938
9.417533874511719e-05
0.00012111663818359375
0.00011396408081054688
0.00011563301086425781
0.0004687309265136719
0.0005121231079101562
0.00045108795166015625
0.0001277923583984375
0.0001533031463623047
0.00011491775512695312
0.0003669261932373047
0.00026345252990722656
0.00011420249938964844
0.00014328956604003906
0.0001327991485595703
0.0001556873321533203
0.00014448165893554688
0.00011563301086425781
0.00012350082397460938
0.00014591217041015625
0.0001361370086669922
9.107589721679688e-05
0.00012040138244628906
0.0003287792205810547
0.00013327598571777344
0.0001475811004638672
0.00033593177795410156
0.0001392364501953125
0.00045990943908691406
0.00011467933654785156
0.00011396408081054688
0.0001251697540283203
0.00012373924255371094
0.00010919570922851562
0.0001285076141357422
0.00014472007751464844
9.131431579589844e-05
0.0005848407745361328
0.00012612342834472656
0.00034117698669433594
0.000308990478515625
0.00012135505676269531
0.0005269050598144531
0.0001266002655029297
8.797645568847656e-05
0.00011372566223144531
0.0002789497375488281
0.0001201629638671875
9.703636169433594e-05
0.00011658668518066406
0.00011801719665527344
0.00014400482177734375
0.00012564659118652344
0.00013518333435058594
0.00014972686767578125
0.0003204345703125
0.00012183189392089844
9.131431579589844e-05
0.0003905296325683594
0.0003421306610107422
9.036064147949219e-05
0.00017404556274414062
9.179115295410156e-05
0.00013637542724609375
9.34600830078125e-05
0.00014209747314453125
9.250640869140625e-05
0.0003447532653808594
0.00013971328735351562
9.012222290039062e-05
0.0001347064971923828
0.0005643367767333984
0.0003304481506347656
0.00013327598571777344
0.00035858154296875
0.00012373924255371094
0.00011157989501953125
0.00011610984802246094
0.00011324882507324219
8.702278137207031e-05
0.00012993812561035156
0.0001556873321533203
0.0001163482666015625
0.0002429485321044922
0.00012159347534179688
0.00014281272888183594
9.465217590332031e-05
0.0006535053253173828
0.000522613525390625
0.00044083595275878906
0.0006320476531982422
0.00010418891906738281
0.00036072731018066406
0.00012111663818359375
9.179115295410156e-05
9.059906005859375e-05
0.00012493133544921875
0.0005946159362792969
0.00013184547424316406
0.00013017654418945312
0.00013518333435058594
0.00011682510375976562
0.00010538101196289062
0.00014257431030273438
0.0008018016815185547
0.00015735626220703125
0.0001201629638671875
0.0005853176116943359
0.00018167495727539062
7.510185241699219e-05
0.00010156631469726562
0.00010371208190917969
0.00041413307189941406
0.0006566047668457031
0.00011301040649414062
0.00011610984802246094
0.00011539459228515625
0.0006301403045654297
0.00011110305786132812
0.00012969970703125
0.0005459785461425781
7.796287536621094e-05
9.870529174804688e-05
0.0003941059112548828
0.00014090538024902344
0.000118255615234375
9.226799011230469e-05
8.988380432128906e-05
0.00011372566223144531
0.00012373924255371094
0.00011610984802246094
0.00025916099548339844
0.0001494884490966797
0.0006420612335205078
8.654594421386719e-05
0.00015354156494140625
0.0003910064697265625
0.00012946128845214844
0.000240325927734375
0.0003654956817626953
9.441375732421875e-05
0.0001316070556640625
0.00011777877807617188
0.00023317337036132812
0.00012803077697753906
0.00014352798461914062
0.00012803077697753906
0.000263214111328125
0.0003573894500732422
8.606910705566406e-05
9.107589721679688e-05
0.00011348724365234375
0.00029015541076660156
0.0001537799835205078
0.0004642009735107422
0.0003962516784667969
0.000148773193359375
0.0001385211944580078
0.00015234947204589844
0.00014066696166992188
0.0001513957977294922
0.0003228187561035156
0.0005552768707275391
0.00012111663818359375
0.00011658668518066406
0.00011324882507324219
0.0001323223114013672
0.00011801719665527344
0.0003597736358642578
0.00013446807861328125
0.0002834796905517578
0.00029730796813964844
0.00042366981506347656
0.0001704692840576172
0.0001475811004638672
0.00014853477478027344
0.0001468658447265625
9.322166442871094e-05
0.00011467933654785156
0.00013828277587890625
0.00012564659118652344
9.274482727050781e-05
0.00012445449829101562
9.369850158691406e-05
0.00031876564025878906
0.00010085105895996094
0.00012350082397460938
0.0005037784576416016
0.0007996559143066406
0.00010085105895996094
0.00036454200744628906
0.00014162063598632812
0.00014591217041015625
0.00012803077697753906
0.0001239776611328125
9.393692016601562e-05
0.0001475811004638672
9.179115295410156e-05
0.00014829635620117188
0.00012135505676269531
9.703636169433594e-05
0.0003325939178466797
0.00010204315185546875
0.0001316070556640625
0.0003254413604736328
0.0003559589385986328
0.00013637542724609375
0.00027060508728027344
0.00012731552124023438
0.0001308917999267578
0.0001304149627685547
9.202957153320312e-05
0.00012612342834472656
0.00013518333435058594
0.00013375282287597656
0.00013446807861328125
0.0007150173187255859
0.0005040168762207031
0.00042557716369628906
0.00011157989501953125
0.0003676414489746094
0.0001437664031982422
0.0003952980041503906
0.000141143798828125
0.00012445449829101562
0.00012445449829101562
6.961822509765625e-05
0.00010824203491210938
0.00012040138244628906
0.00012612342834472656
0.00012159347534179688
0.00047779083251953125
0.00012159347534179688
0.0002627372741699219
0.0001201629638671875
0.00012993812561035156
0.00029587745666503906
0.0003802776336669922
0.0007746219635009766
0.00010442733764648438
8.273124694824219e-05
0.00010371208190917969
0.00012445449829101562
0.00012350082397460938
7.772445678710938e-05
0.00011348724365234375
9.393692016601562e-05
0.00013947486877441406
0.00016760826110839844
0.0007731914520263672
0.00016999244689941406
0.00014448165893554688
0.00034236907958984375
0.0001404285430908203
0.00020837783813476562
0.00010728836059570312
0.0003001689910888672
0.00014352798461914062
0.0003502368927001953
0.000125885009765625
0.0010027885437011719
0.0001373291015625
0.00013375282287597656
0.00010776519775390625
0.0001277923583984375
0.00033211708068847656
0.00014209747314453125
0.00017213821411132812
0.00046563148498535156
0.00015497207641601562
0.00014710426330566406
0.0004935264587402344
0.0001418590545654297
0.00011396408081054688
0.00011754035949707031
0.000133514404296875
0.00010204315185546875
0.00012230873107910156
0.00037598609924316406
0.0001227855682373047
0.0001227855682373047
0.00014710426330566406
0.0006186962127685547
0.00014472007751464844
0.00011801719665527344
0.00035381317138671875
0.0001475811004638672
9.1552734375e-05
0.00013208389282226562
0.00011324882507324219
0.00012993812561035156
0.0001361370086669922
0.00013756752014160156
9.250640869140625e-05
0.00013303756713867188
0.00039839744567871094
0.00017547607421875
0.0001239776611328125
0.000335693359375
0.00012159347534179688
0.0001227855682373047
0.0002989768981933594
