0.0009989738464355469
0.0009357929229736328
0.00070953369140625
0.0006010532379150391
0.0006597042083740234
0.0009694099426269531
0.0006318092346191406
0.0008203983306884766
0.0006499290466308594
0.0011112689971923828
0.0008866786956787109
0.0005576610565185547
0.0007512569427490234
0.001039266586303711
0.0012738704681396484
0.0007536411285400391
0.000904083251953125
0.0009491443634033203
0.0011250972747802734
0.0005891323089599609
0.0009372234344482422
0.0013217926025390625
0.0007672309875488281
0.0007114410400390625
0.0006878376007080078
0.0013370513916015625
0.0009026527404785156
0.0008218288421630859
0.0006771087646484375
0.0008764266967773438
0.0007772445678710938
0.0007700920104980469
0.0006794929504394531
0.000919342041015625
0.0009207725524902344
0.0006234645843505859
0.0007081031799316406
0.0007586479187011719
0.0009315013885498047
0.0007002353668212891
0.0006554126739501953
0.0010058879852294922
0.0008075237274169922
0.0006816387176513672
0.0006928443908691406
0.000850677490234375
0.0011572837829589844
0.0016438961029052734
0.0006511211395263672
0.0010447502136230469
0.0009794235229492188
0.0009059906005859375
0.0006601810455322266
0.0008456707000732422
0.0008893013000488281
0.0006482601165771484
0.0005881786346435547
0.0011141300201416016
0.0010170936584472656
0.0010738372802734375
0.001050710678100586
0.0010476112365722656
0.0008473396301269531
0.0006163120269775391
0.0010690689086914062
0.0010640621185302734
0.001169443130493164
0.0006647109985351562
0.0006704330444335938
0.001153707504272461
0.00077056884765625
0.0006005764007568359
0.0006623268127441406
0.001009225845336914
0.0008184909820556641
0.0006055831909179688
0.0008766651153564453
0.0008208751678466797
0.0014338493347167969
0.0007071495056152344
0.0005896091461181641
0.0010063648223876953
0.0008914470672607422
0.0008699893951416016
0.0006387233734130859
0.00118255615234375
0.0011129379272460938
0.0007021427154541016
0.0005431175231933594
0.00087738037109375
0.0008995532989501953
0.0006895065307617188
0.0008997917175292969
0.0006182193756103516
0.0008962154388427734
0.0006082057952880859
0.0009629726409912109
0.0006663799285888672
0.0008170604705810547
0.0009658336639404297
0.0006234645843505859
0.0007004737854003906
0.0015451908111572266
0.0007276535034179688
0.0006067752838134766
0.0006623268127441406
0.0009794235229492188
0.0015299320220947266
0.0011005401611328125
0.0006103515625
0.0011339187622070312
0.0007739067077636719
0.0005972385406494141
0.0005898475646972656
0.001016378402709961
0.0008139610290527344
0.0006840229034423828
0.0010118484497070312
0.0009634494781494141
0.0009191036224365234
0.0008826255798339844
0.00064849853515625
0.0008611679077148438
0.0008175373077392578
0.0012161731719970703
0.000820159912109375
0.0011622905731201172
0.0013799667358398438
0.0006577968597412109
0.0010914802551269531
0.0009965896606445312
0.0009822845458984375
0.0006353855133056641
0.0006444454193115234
0.0008006095886230469
0.0008187294006347656
0.0007414817810058594
0.0006275177001953125
0.0008716583251953125
0.0009024143218994141
0.0009508132934570312
0.0006580352783203125
0.0011341571807861328
0.0016393661499023438
0.0008435249328613281
0.0011475086212158203
0.0010519027709960938
0.0009655952453613281
0.0006966590881347656
0.0006792545318603516
0.0007677078247070312
0.001062154769897461
0.0007619857788085938
0.0006773471832275391
0.0008623600006103516
0.00115966796875
0.0010077953338623047
0.0007810592651367188
0.0008420944213867188
0.0008144378662109375
0.0005979537963867188
0.0006117820739746094
0.0008451938629150391
0.0010259151458740234
0.0008270740509033203
0.0010833740234375
0.0009233951568603516
0.0007252693176269531
0.0005788803100585938
0.0013217926025390625
0.0011696815490722656
0.0012383460998535156
0.0006821155548095703
0.000621795654296875
0.0007176399230957031
0.0010504722595214844
0.0006966590881347656
0.0006144046783447266
0.0009355545043945312
0.0008187294006347656
0.0006420612335205078
0.0006792545318603516
0.001051187515258789
0.0012536048889160156
0.0007369518280029297
0.0006482601165771484
0.0006473064422607422
0.0007288455963134766
0.0007157325744628906
0.0007205009460449219
0.0005452632904052734
0.0008971691131591797
0.0010936260223388672
0.001104116439819336
0.0007164478302001953
0.0008740425109863281
0.0010564327239990234
0.0008373260498046875
0.0007121562957763672
0.0013735294342041016
0.0009746551513671875
0.0008857250213623047
0.0007474422454833984
0.0010895729064941406
0.0007719993591308594
0.000560760498046875
0.0008401870727539062
0.0010287761688232422
0.0011348724365234375
0.001077413558959961
0.0010221004486083984
0.0009126663208007812
0.0008642673492431641
0.0006282329559326172
0.0007452964782714844
0.0009002685546875
0.0008339881896972656
0.0010211467742919922
0.0007250308990478516
0.0007867813110351562
0.0014157295227050781
0.0005981922149658203
0.0009415149688720703
0.0010046958923339844
0.0009875297546386719
0.00084686279296875
0.0010874271392822266
0.0010619163513183594
0.0012319087982177734
0.0011363029479980469
0.0007500648498535156
0.0008637905120849609
0.0007605552673339844
0.0006456375122070312
0.0006680488586425781
0.0011937618255615234
0.0010814666748046875
0.0009171962738037109
0.0006563663482666016
0.0009865760803222656
0.001238107681274414
0.0007269382476806641
0.0007150173187255859
0.0016779899597167969
0.0012035369873046875
0.0006041526794433594
0.0005884170532226562
0.0007424354553222656
0.0008969306945800781
0.0007364749908447266
0.0006418228149414062
0.0011425018310546875
0.0009636878967285156
0.0007405281066894531
0.0008270740509033203
0.0009799003601074219
0.0010228157043457031
0.0007288455963134766
0.0006115436553955078
0.0008382797241210938
0.0011165142059326172
0.0006802082061767578
0.0006499290466308594
0.001001119613647461
0.0008690357208251953
0.0005643367767333984
0.000667572021484375
0.0010406970977783203
0.0007359981536865234
0.00153350830078125
0.0005984306335449219
0.0014801025390625
0.0012285709381103516
0.0007174015045166016
0.0009262561798095703
0.0010418891906738281
0.0009520053863525391
0.0010182857513427734
0.0005855560302734375
0.0009400844573974609
0.0009205341339111328
0.0010128021240234375
0.0006155967712402344
0.0005834102630615234
0.0009295940399169922
0.0012316703796386719
0.0007791519165039062
0.0006663799285888672
0.0010290145874023438
0.0008368492126464844
0.0006256103515625
0.0006203651428222656
0.0007500648498535156
0.0009713172912597656
0.0016889572143554688
0.0009455680847167969
0.0009312629699707031
0.0008947849273681641
0.0006210803985595703
0.0006098747253417969
0.000782012939453125
0.0007867813110351562
0.000827789306640625
0.0007510185241699219
0.0009605884552001953
0.0009386539459228516
0.0021317005157470703
0.0009052753448486328
0.0011677742004394531
0.0008864402770996094
0.0008168220520019531
0.0012018680572509766
0.001110076904296875
0.000881195068359375
0.0006582736968994141
0.0008056163787841797
0.0011725425720214844
0.0011072158813476562
0.0006883144378662109
0.0008325576782226562
0.001447916030883789
0.0013582706451416016
0.0007021427154541016
0.0009984970092773438
0.0010862350463867188
0.0013267993927001953
0.0006103515625
0.0010726451873779297
0.0010371208190917969
0.0008432865142822266
0.0006895065307617188
0.0006575584411621094
0.0007898807525634766
0.0012755393981933594
0.0006852149963378906
0.0006949901580810547
0.0008714199066162109
0.0009920597076416016
0.0007026195526123047
0.000644683837890625
0.0009465217590332031
0.0008618831634521484
0.0010671615600585938
0.0006520748138427734
0.000850677490234375
0.0008652210235595703
0.0010821819305419922
0.0010089874267578125
0.0008442401885986328
0.0009894371032714844
0.0009670257568359375
0.0007369518280029297
0.00075531005859375
0.0010974407196044922
0.0011646747589111328
0.0006632804870605469
0.0008730888366699219
0.0011525154113769531
0.0006592273712158203
0.0006296634674072266
0.0007336139678955078
0.0010540485382080078
0.0006754398345947266
0.0007519721984863281
0.0006804466247558594
0.000766754150390625
0.0013179779052734375
0.0006906986236572266
0.0006656646728515625
0.000881195068359375
0.0008778572082519531
0.001506805419921875
0.0006883144378662109
0.0009255409240722656
0.0011844635009765625
0.0006024837493896484
