0.013262271881103516
0.01366734504699707
0.012832403182983398
0.012892961502075195
0.014662027359008789
0.014678001403808594
0.013113260269165039
0.014402151107788086
0.015033245086669922
0.014425039291381836
0.01356363296508789
0.014234542846679688
0.014888525009155273
0.013473749160766602
0.013933181762695312
0.013293981552124023
0.01418447494506836
0.014690399169921875
0.014876842498779297
0.013054609298706055
0.013044118881225586
0.013280391693115234
0.013468027114868164
0.014623165130615234
0.013885736465454102
0.013127565383911133
0.013769149780273438
0.014153003692626953
0.014849185943603516
0.014040470123291016
0.012975215911865234
0.013807535171508789
0.013692378997802734
0.013632774353027344
0.014105558395385742
0.014421224594116211
0.014397621154785156
0.014151334762573242
0.01395416259765625
0.013968944549560547
0.013190746307373047
0.014899730682373047
0.013478994369506836
0.01506352424621582
0.013573646545410156
0.01380014419555664
0.014907360076904297
0.013686895370483398
0.014076709747314453
0.013754844665527344
0.013736963272094727
0.013060331344604492
0.013025522232055664
0.013124465942382812
0.013947248458862305
0.012978315353393555
0.013095617294311523
0.013092994689941406
0.012862443923950195
0.014012336730957031
0.013409137725830078
0.01308584213256836
0.013059854507446289
0.013203859329223633
0.01519632339477539
0.013727188110351562
0.014193058013916016
0.014086246490478516
0.013088226318359375
0.013612747192382812
0.013659477233886719
0.012849092483520508
0.013366937637329102
0.012764930725097656
0.012931585311889648
0.013269424438476562
0.012982606887817383
0.013144254684448242
0.013002872467041016
0.013417959213256836
0.013657331466674805
0.0133819580078125
0.013387680053710938
0.012791156768798828
0.013198375701904297
0.013019561767578125
0.013149738311767578
0.01342916488647461
0.015984296798706055
0.014020681381225586
0.013807535171508789
0.013936519622802734
0.013677597045898438
0.013669967651367188
0.014223814010620117
0.013399600982666016
0.013637304306030273
0.013718366622924805
0.012975454330444336
0.015522241592407227
0.013505935668945312
0.013283491134643555
0.014576435089111328
0.01381373405456543
0.014662981033325195
0.014193058013916016
0.014096975326538086
0.015669822692871094
0.014687299728393555
0.012848615646362305
0.013240814208984375
0.014899730682373047
0.01386880874633789
0.013956308364868164
0.013665914535522461
0.013859272003173828
0.014520406723022461
0.012851476669311523
0.014200210571289062
0.01379537582397461
0.013590097427368164
0.01289987564086914
0.013020753860473633
0.013168096542358398
0.013242483139038086
0.012968063354492188
0.013041496276855469
0.013733863830566406
0.01305079460144043
0.013140439987182617
0.013724803924560547
0.013044357299804688
0.013406991958618164
0.013109922409057617
0.013207197189331055
0.01317596435546875
0.013157129287719727
0.013381481170654297
0.013998985290527344
0.013371706008911133
0.01286935806274414
0.01295614242553711
0.01285099983215332
0.013090848922729492
0.01294255256652832
0.013474702835083008
0.013892173767089844
0.013550758361816406
0.013167142868041992
0.01294398307800293
0.013303995132446289
0.013794898986816406
0.013317584991455078
0.013048410415649414
0.013620615005493164
0.013851404190063477
0.013602733612060547
0.013158082962036133
0.01306772232055664
0.015587329864501953
0.013327360153198242
0.012933731079101562
0.01301264762878418
0.013517379760742188
0.013443231582641602
0.013437747955322266
0.014410734176635742
0.013753175735473633
0.01344156265258789
0.013808012008666992
0.013146162033081055
0.01379537582397461
0.013549566268920898
0.013388633728027344
0.014705896377563477
0.012820720672607422
0.01456904411315918
0.015239953994750977
0.013317584991455078
0.013625383377075195
0.01509547233581543
0.014341115951538086
0.014342784881591797
0.0140838623046875
0.012795686721801758
0.015160560607910156
0.013077735900878906
0.013637304306030273
0.014434099197387695
0.013834953308105469
0.013561725616455078
0.013014554977416992
0.013067483901977539
0.013675212860107422
0.014230966567993164
0.014745473861694336
0.013534307479858398
0.014729499816894531
0.013664722442626953
0.01347970962524414
0.013663291931152344
0.015113592147827148
0.01309061050415039
0.013686180114746094
0.013561248779296875
0.01381540298461914
0.014420747756958008
0.014249324798583984
0.013565778732299805
0.012854814529418945
0.013215780258178711
0.012867450714111328
0.013566732406616211
0.013176679611206055
0.013588905334472656
0.012874364852905273
0.013898611068725586
0.013535022735595703
0.012810945510864258
0.01336812973022461
0.012886524200439453
0.013204813003540039
0.014358043670654297
0.014269590377807617
0.014238119125366211
0.01321721076965332
0.013770341873168945
0.01481318473815918
0.014031410217285156
0.013779401779174805
0.014566183090209961
0.013841629028320312
0.013274669647216797
0.013828754425048828
0.013374090194702148
0.014348506927490234
0.013724088668823242
0.014304637908935547
0.012862443923950195
0.01456904411315918
0.013144731521606445
0.013872861862182617
0.014135360717773438
0.013673067092895508
0.014007568359375
0.013875961303710938
0.013417482376098633
0.013999223709106445
0.013386249542236328
0.013110637664794922
0.013205528259277344
0.013709545135498047
0.014160633087158203
0.015198707580566406
0.013729572296142578
0.013713598251342773
0.012809038162231445
0.013405323028564453
0.012893199920654297
0.013060331344604492
0.012840032577514648
0.012859821319580078
0.013389110565185547
0.013068675994873047
0.012801170349121094
0.013518095016479492
0.012788057327270508
0.013327360153198242
0.013332843780517578
0.013592958450317383
0.012802600860595703
0.013010978698730469
0.015120267868041992
0.01386880874633789
0.01403045654296875
0.013579130172729492
0.013543367385864258
0.013231277465820312
0.013894081115722656
0.013192892074584961
0.014189958572387695
0.01302957534790039
0.01400899887084961
0.01296687126159668
0.013038396835327148
0.014218807220458984
0.013495683670043945
0.013460636138916016
0.013791322708129883
0.013762950897216797
0.01409149169921875
0.014060497283935547
0.01355290412902832
0.013441085815429688
0.014063835144042969
0.01323699951171875
0.013943910598754883
0.013797521591186523
0.013601303100585938
0.013226985931396484
0.013560295104980469
0.013187170028686523
0.01333475112915039
0.013067483901977539
0.012917280197143555
0.012796640396118164
0.01334524154663086
0.012918472290039062
0.012962818145751953
0.013668537139892578
0.013513326644897461
0.012816667556762695
0.01350855827331543
0.013231515884399414
0.013033866882324219
0.013632774353027344
0.01372385025024414
0.012963056564331055
0.013502359390258789
0.013311624526977539
0.01282048225402832
0.013448715209960938
0.013229846954345703
0.012787818908691406
0.013145923614501953
0.01353001594543457
0.015219926834106445
0.014130115509033203
0.013988256454467773
0.013584375381469727
0.013262748718261719
0.01303410530090332
0.014482975006103516
0.014819622039794922
0.0137481689453125
0.013817548751831055
0.013246536254882812
0.014041662216186523
0.014078140258789062
0.014185667037963867
0.013725757598876953
0.015521049499511719
0.014327287673950195
0.012981653213500977
0.012849807739257812
0.013609170913696289
0.015510320663452148
0.013950109481811523
0.013210296630859375
0.014299631118774414
0.013318777084350586
0.013309955596923828
0.013836145401000977
0.014302492141723633
0.014004230499267578
0.014031171798706055
0.013674736022949219
0.013640880584716797
0.013365030288696289
0.013718128204345703
0.013375997543334961
0.013443708419799805
0.013212442398071289
0.01387786865234375
0.013178348541259766
0.01395559310913086
0.013045310974121094
0.013553142547607422
0.013988971710205078
0.01492619514465332
0.016269445419311523
0.013918399810791016
0.013271570205688477
0.014042854309082031
0.013905525207519531
0.013060808181762695
0.013135194778442383
0.01368570327758789
0.01336359977722168
0.014028787612915039
0.014741659164428711
0.013434410095214844
0.014951229095458984
0.013843536376953125
0.01420140266418457
0.014139175415039062
0.01412200927734375
0.014271259307861328
0.014616250991821289
0.013558149337768555
0.014525175094604492
0.01425480842590332
0.013720035552978516
0.014062166213989258
0.014650821685791016
0.013642311096191406
0.014743804931640625
0.01527857780456543
0.015243768692016602
0.015629291534423828
0.014404773712158203
0.013677358627319336
0.013614892959594727
0.014062643051147461
0.014063119888305664
0.013702630996704102
0.014085769653320312
0.014841318130493164
0.013991594314575195
0.014362573623657227
0.013950109481811523
0.013464689254760742
0.014023542404174805
0.013947248458862305
0.013351917266845703
0.01290130615234375
0.015698909759521484
0.013966798782348633
0.014190196990966797
0.013514280319213867
0.01291966438293457
0.014309883117675781
0.01434326171875
0.01427316665649414
0.013193845748901367
0.01414036750793457
0.013458967208862305
0.013779640197753906
0.014268159866333008
0.01389455795288086
0.012928247451782227
0.013273477554321289
0.013753414154052734
0.013444662094116211
0.01368570327758789
0.013519763946533203
0.014678478240966797
0.012907981872558594
0.012906789779663086
0.013037919998168945
0.013273000717163086
0.013415336608886719
0.014137506484985352
0.012914657592773438
0.015048027038574219
0.014074563980102539
0.013327836990356445
0.01376032829284668
0.0157315731048584
0.013920068740844727
0.01344919204711914
0.013568639755249023
0.013997554779052734
0.01369476318359375
0.014338970184326172
0.014651298522949219
0.01410675048828125
0.01381540298461914
0.013787031173706055
0.01399850845336914
0.01596379280090332
0.01521611213684082
0.01410055160522461
0.01528620719909668
0.014077901840209961
0.013852834701538086
0.01324152946472168
0.01330256462097168
0.013606786727905273
0.014731407165527344
0.013515949249267578
0.012893199920654297
0.015374183654785156
0.01306915283203125
0.013755083084106445
0.013628005981445312
0.014082670211791992
0.013441324234008789
0.015375137329101562
0.013722896575927734
0.013351202011108398
0.013702630996704102
0.013774633407592773
0.012987375259399414
0.013386249542236328
0.013457059860229492
0.014896631240844727
0.013875961303710938
0.015043258666992188
0.013419389724731445
0.01369619369506836
0.013126611709594727
0.013905525207519531
0.014023780822753906
0.015036821365356445
0.016244888305664062
0.013916492462158203
0.014044523239135742
0.01308584213256836
0.014272928237915039
0.013826847076416016
0.01372528076171875
0.014125585556030273
0.013684272766113281
0.014603376388549805
0.01326441764831543
0.01409292221069336
0.013157844543457031
0.012841224670410156
0.012995004653930664
0.012868404388427734
0.013142585754394531
0.014362335205078125
0.013545036315917969
0.014339208602905273
0.013160228729248047
0.013669967651367188
0.012841463088989258
0.013030052185058594
0.012943267822265625
0.013780355453491211
0.01436471939086914
0.015076637268066406
0.013292789459228516
0.013479471206665039
0.013577938079833984
0.013437032699584961
0.013275861740112305
0.014603614807128906
0.013542890548706055
0.013717889785766602
0.013208627700805664
0.015139341354370117
0.013309240341186523
0.013233184814453125
0.012969493865966797
0.013769149780273438
0.014010190963745117
0.013242959976196289
0.014530658721923828
0.014514446258544922
0.013346195220947266
0.014035701751708984
0.013497352600097656
0.014257192611694336
0.014780044555664062
0.013311624526977539
0.014039993286132812
0.01408696174621582
0.014924764633178711
0.014699459075927734
0.013713598251342773
0.013375520706176758
0.01414632797241211
0.014491796493530273
0.015787363052368164
0.014072895050048828
0.013701677322387695
0.013874530792236328
0.013953447341918945
0.014109134674072266
0.012910604476928711
0.013516664505004883
0.014894962310791016
0.013773918151855469
0.013204336166381836
0.012845516204833984
0.013617515563964844
0.012954950332641602
0.013826131820678711
0.01279139518737793
0.014473676681518555
0.01302337646484375
0.013685226440429688
0.015130758285522461
0.013457059860229492
0.01348567008972168
0.014550924301147461
0.014214515686035156
0.014213085174560547
0.014195680618286133
0.013647317886352539
0.013872385025024414
0.014673709869384766
0.013944387435913086
0.013780355453491211
0.013643741607666016
0.013632059097290039
0.01326441764831543
0.013370513916015625
0.013468027114868164
0.012743234634399414
0.012808799743652344
0.013546943664550781
0.014737606048583984
0.014117956161499023
0.014296293258666992
0.013905525207519531
0.015149354934692383
0.013448238372802734
0.014947175979614258
0.014179468154907227
0.014181137084960938
0.014696359634399414
0.013275146484375
0.014508724212646484
0.013966560363769531
0.013562440872192383
0.014583110809326172
0.01393890380859375
0.013472795486450195
0.013560771942138672
0.012926816940307617
0.013809680938720703
0.013870000839233398
0.01323246955871582
0.013850688934326172
0.012936115264892578
0.014072895050048828
0.013883829116821289
0.013155937194824219
0.015477180480957031
0.014163017272949219
0.014498710632324219
0.014937400817871094
0.01370692253112793
0.014075279235839844
0.01325225830078125
0.013484716415405273
0.0137939453125
0.013742446899414062
0.014029502868652344
0.015758752822875977
0.014496564865112305
0.013993263244628906
0.013755559921264648
0.013573408126831055
0.013373613357543945
0.013692378997802734
0.013679265975952148
0.012955427169799805
0.014683723449707031
0.01360940933227539
0.014239788055419922
0.01398324966430664
0.013829231262207031
0.013846158981323242
0.013821125030517578
0.01295924186706543
0.014363765716552734
0.014093637466430664
0.013724327087402344
0.014921188354492188
0.014219284057617188
0.014786720275878906
0.013443231582641602
0.013093233108520508
0.013927698135375977
0.013074874877929688
0.014108657836914062
0.013494014739990234
0.01577615737915039
0.013481855392456055
0.014549493789672852
0.014879941940307617
0.013634443283081055
0.014591455459594727
0.014027833938598633
0.013463258743286133
0.015717029571533203
0.013587474822998047
0.013648271560668945
0.013677835464477539
0.013805866241455078
0.014144420623779297
0.01394343376159668
0.014239072799682617
0.013601303100585938
0.01435232162475586
0.013849735260009766
0.01360774040222168
0.014832258224487305
0.013586997985839844
0.01492762565612793
0.013505935668945312
0.013262510299682617
0.014158964157104492
0.013147115707397461
0.014493942260742188
0.013450860977172852
0.013999223709106445
0.013996362686157227
0.014085054397583008
0.013342618942260742
0.013983964920043945
0.013084173202514648
0.013895034790039062
0.013821125030517578
0.013616561889648438
0.015434741973876953
0.013865470886230469
0.012845039367675781
0.014874458312988281
0.01492762565612793
0.013983488082885742
0.013695955276489258
0.013623237609863281
0.013525724411010742
0.014796018600463867
0.01357579231262207
0.014202356338500977
0.015314340591430664
0.015457630157470703
0.013547420501708984
0.014642953872680664
0.015517950057983398
0.014946937561035156
0.013601064682006836
0.013468742370605469
0.013976573944091797
0.013146400451660156
0.01388096809387207
0.013048887252807617
0.014485836029052734
0.014775753021240234
0.013328075408935547
0.013377904891967773
0.015391826629638672
0.014006614685058594
0.01415562629699707
0.013780832290649414
0.0152435302734375
0.014334917068481445
0.014780282974243164
0.013657808303833008
0.013654708862304688
0.013089895248413086
0.015531063079833984
0.014106988906860352
0.013435125350952148
0.01336979866027832
0.014408349990844727
0.013148069381713867
0.012929439544677734
0.013891220092773438
0.014643192291259766
0.013663530349731445
0.014153718948364258
0.014363527297973633
0.015225648880004883
0.014426469802856445
0.013775825500488281
0.014549016952514648
0.013565778732299805
0.01477813720703125
0.01426076889038086
0.014158487319946289
0.014693737030029297
0.01296544075012207
0.012853860855102539
0.014342784881591797
0.014501810073852539
0.014029502868652344
0.012878894805908203
0.014023780822753906
0.013308286666870117
0.013669490814208984
0.01460409164428711
0.014021873474121094
0.014098405838012695
0.014276742935180664
0.013451576232910156
0.013174295425415039
0.013617277145385742
0.013404607772827148
0.012900114059448242
0.012865543365478516
0.014219045639038086
0.013464927673339844
0.013331413269042969
0.013298988342285156
0.01372528076171875
0.013177633285522461
0.012907266616821289
0.013258695602416992
0.012969732284545898
0.013200044631958008
0.013638496398925781
0.01318049430847168
0.01358652114868164
0.013221979141235352
0.013300418853759766
0.013326406478881836
0.014174222946166992
0.013959407806396484
0.01351785659790039
0.01318216323852539
0.013566732406616211
0.014081954956054688
0.014542579650878906
0.01374506950378418
0.013173341751098633
0.013174057006835938
0.013133525848388672
0.014363288879394531
0.014360904693603516
0.013940095901489258
0.012849092483520508
0.01295018196105957
0.013874292373657227
0.01408839225769043
0.012905359268188477
0.012836456298828125
0.012894630432128906
0.013290166854858398
0.013282060623168945
0.01313924789428711
0.01287698745727539
0.012946367263793945
0.015509366989135742
0.013657808303833008
0.013214111328125
0.013586759567260742
0.01439976692199707
0.012894868850708008
0.014412641525268555
0.013564109802246094
0.013934612274169922
0.013226985931396484
0.013068914413452148
0.014537811279296875
0.014296293258666992
0.015196084976196289
0.014923810958862305
0.013957977294921875
0.013166427612304688
0.013924598693847656
0.012834548950195312
0.014795541763305664
0.013544797897338867
0.013943195343017578
0.013737916946411133
0.014066219329833984
0.013998270034790039
0.013543128967285156
0.013541698455810547
0.015211343765258789
0.013358354568481445
0.013806581497192383
0.013885021209716797
0.014147043228149414
0.014019250869750977
0.014132976531982422
0.013133049011230469
0.01311802864074707
0.013961076736450195
0.013633251190185547
0.013176679611206055
0.01316523551940918
0.013277292251586914
0.01293039321899414
0.013685464859008789
0.013679265975952148
0.012924671173095703
0.012801408767700195
0.013360738754272461
0.013338327407836914
0.01370692253112793
0.013814210891723633
0.013100862503051758
0.013046503067016602
0.013893365859985352
0.014684915542602539
0.012746810913085938
0.01416921615600586
0.01383066177368164
0.014096736907958984
0.013396978378295898
0.013232707977294922
0.014386177062988281
0.013174057006835938
0.013303995132446289
0.013424873352050781
0.014192819595336914
0.013929128646850586
0.013670682907104492
0.013998985290527344
0.014277458190917969
0.013693571090698242
0.013300418853759766
0.014191150665283203
0.013612508773803711
0.014887809753417969
0.014407157897949219
0.013149738311767578
0.013353347778320312
0.012903690338134766
0.013692617416381836
0.013506650924682617
0.014495372772216797
0.013435125350952148
0.01312875747680664
0.01587843894958496
0.01281881332397461
0.012975692749023438
0.013686180114746094
0.01365041732788086
0.013086557388305664
0.0130615234375
0.01292729377746582
0.012994050979614258
0.013293027877807617
0.013643264770507812
0.013023614883422852
0.014432907104492188
0.014864206314086914
0.013682842254638672
0.013469696044921875
0.012897253036499023
0.013405323028564453
0.01401519775390625
0.013002634048461914
0.014387130737304688
0.013241291046142578
0.013575315475463867
0.01608133316040039
0.014443635940551758
0.013228654861450195
0.01378178596496582
0.0141143798828125
0.01373434066772461
0.014083623886108398
0.01372385025024414
0.014462709426879883
0.01466822624206543
0.013807535171508789
0.014555692672729492
0.013665437698364258
0.01357412338256836
0.013714313507080078
0.014089584350585938
0.013047933578491211
0.014453887939453125
0.014434337615966797
0.013421058654785156
0.014253854751586914
0.012993574142456055
0.013244152069091797
0.014276742935180664
0.014461278915405273
0.013814449310302734
0.013888359069824219
0.013817071914672852
0.014554977416992188
0.013725042343139648
0.013747692108154297
0.013529300689697266
0.012971639633178711
0.01398015022277832
0.014098167419433594
0.013749361038208008
0.014148235321044922
0.015080451965332031
0.013747453689575195
0.014435052871704102
0.014499902725219727
0.014323711395263672
0.013169050216674805
0.013719320297241211
0.013325691223144531
0.013598918914794922
0.013245344161987305
0.01332998275756836
0.013525009155273438
0.013837099075317383
0.013527154922485352
0.015733718872070312
0.015055418014526367
0.014333486557006836
0.014213085174560547
0.013491630554199219
0.012888431549072266
0.015078306198120117
0.013357877731323242
0.01375579833984375
0.014581680297851562
0.014351844787597656
0.014780759811401367
0.014639616012573242
0.013594388961791992
0.013003110885620117
0.014290571212768555
0.01413416862487793
0.014684677124023438
0.014203310012817383
0.013736248016357422
0.013195276260375977
0.014491796493530273
0.013043642044067383
0.014456987380981445
0.013443470001220703
0.013200759887695312
0.0156252384185791
0.013816118240356445
0.014377593994140625
0.014641046524047852
0.013477325439453125
0.014243364334106445
0.013696670532226562
0.013721227645874023
0.013495206832885742
0.01454782485961914
0.01419377326965332
0.014131784439086914
0.014571666717529297
0.01558542251586914
0.014272928237915039
0.013420343399047852
0.014016389846801758
0.015059947967529297
0.013997316360473633
0.014626026153564453
0.015180587768554688
0.013939380645751953
0.014768123626708984
0.013856887817382812
0.013660669326782227
0.013679742813110352
0.014511823654174805
0.01359415054321289
0.013865232467651367
0.01458597183227539
0.014660835266113281
0.013394355773925781
0.014101028442382812
0.015026330947875977
0.013376235961914062
0.013331890106201172
0.014571189880371094
0.013822793960571289
0.013933658599853516
0.013226747512817383
0.013988971710205078
0.013689994812011719
0.013582229614257812
0.013569116592407227
0.014674901962280273
0.014031410217285156
0.014150619506835938
0.014537334442138672
0.015269279479980469
0.014936685562133789
0.013850688934326172
0.013590097427368164
0.01290750503540039
0.013003110885620117
0.012815237045288086
0.013201236724853516
0.013194799423217773
0.015114784240722656
0.014391422271728516
0.013845682144165039
0.013352394104003906
0.013376951217651367
0.013797283172607422
0.015334606170654297
0.013332605361938477
0.012993097305297852
0.014426231384277344
0.014420747756958008
0.014818191528320312
0.014087200164794922
0.01315164566040039
0.012874364852905273
0.013391256332397461
0.01315617561340332
0.014650821685791016
0.013907909393310547
0.012949705123901367
0.013949394226074219
0.013784170150756836
0.014414310455322266
0.013763427734375
0.014653921127319336
0.014049768447875977
0.012947320938110352
0.013469696044921875
0.013123750686645508
0.012886524200439453
0.01406407356262207
0.014393091201782227
0.013843297958374023
0.013820648193359375
0.015099763870239258
0.013527154922485352
0.01336669921875
0.013276100158691406
0.014165163040161133
0.01352691650390625
0.014087200164794922
0.013271808624267578
0.01327371597290039
0.013354063034057617
0.01410818099975586
0.013597726821899414
0.013293266296386719
0.013446569442749023
0.013752937316894531
0.015815258026123047
0.013506650924682617
0.013427257537841797
0.013308048248291016
0.01336216926574707
0.014358997344970703
0.013455390930175781
0.013959646224975586
0.013086557388305664
0.013506412506103516
0.013555765151977539
0.014325380325317383
0.01360177993774414
0.013521671295166016
0.01504206657409668
0.014920234680175781
0.01435232162475586
0.014194726943969727
0.014391899108886719
0.014401912689208984
0.01475834846496582
0.016272544860839844
0.013281583786010742
0.013724088668823242
0.013184070587158203
0.01330709457397461
0.013188600540161133
0.013175725936889648
0.015456438064575195
0.01324915885925293
0.012953758239746094
0.014019012451171875
0.013544797897338867
0.014492988586425781
0.01337885856628418
0.013540267944335938
0.013958215713500977
0.013646364212036133
0.014177322387695312
0.013477802276611328
0.01365804672241211
0.015651941299438477
0.013695240020751953
0.01378774642944336
0.01280975341796875
0.01277613639831543
0.013480901718139648
0.013570070266723633
0.014476537704467773
0.013034820556640625
0.01372671127319336
0.01360630989074707
0.013887882232666016
0.013672351837158203
0.013649463653564453
0.01318216323852539
0.012962579727172852
0.013035774230957031
0.013003826141357422
0.01295924186706543
0.01332855224609375
0.01546788215637207
0.013062715530395508
0.013621807098388672
0.013900041580200195
0.013381719589233398
0.014191389083862305
0.013728857040405273
0.014311790466308594
0.014424800872802734
0.01394963264465332
0.013486385345458984
0.014252185821533203
0.013674020767211914
0.013915777206420898
0.013554811477661133
0.013804912567138672
0.013654947280883789
0.01284933090209961
0.01283884048461914
0.013551712036132812
0.014289617538452148
0.012848854064941406
0.012904882431030273
0.01276850700378418
0.013663768768310547
0.015941143035888672
0.012925148010253906
0.013962268829345703
0.013497352600097656
0.013576030731201172
0.013963460922241211
0.01395106315612793
0.01394200325012207
0.014400959014892578
0.014409780502319336
0.015131950378417969
0.014337778091430664
0.013679027557373047
0.013481855392456055
0.013577461242675781
0.01308298110961914
0.01306915283203125
0.016698122024536133
0.01306915283203125
0.015433788299560547
0.014080047607421875
0.014191150665283203
0.013208866119384766
0.013744831085205078
0.01313328742980957
0.014287233352661133
0.0137939453125
0.01402139663696289
0.013312816619873047
0.013749837875366211
0.014203548431396484
0.013536214828491211
0.01300358772277832
0.014098405838012695
0.013956785202026367
0.013412237167358398
0.013208866119384766
0.013860940933227539
0.014168024063110352
0.013164520263671875
0.012926816940307617
0.013140201568603516
0.014941215515136719
0.015549182891845703
0.014815807342529297
0.014193058013916016
0.01453852653503418
0.013710975646972656
0.015816211700439453
0.014360189437866211
0.013917684555053711
0.013656377792358398
0.013566732406616211
0.013777732849121094
0.013849258422851562
0.015607357025146484
0.013415336608886719
0.013311386108398438
0.013853311538696289
0.013304471969604492
0.01391744613647461
0.013130426406860352
0.012953519821166992
0.012813329696655273
0.012796878814697266
0.012951135635375977
0.013349294662475586
0.012799978256225586
0.015555381774902344
0.014376163482666016
0.013193607330322266
0.01610565185546875
0.013855457305908203
0.013860940933227539
0.014102458953857422
0.013659954071044922
0.01383519172668457
0.013008356094360352
0.014008283615112305
0.012984752655029297
0.014095544815063477
0.01497507095336914
0.013171195983886719
0.014008522033691406
0.01338052749633789
0.012804269790649414
0.013646602630615234
0.014966726303100586
0.014033794403076172
0.014230728149414062
0.012999296188354492
0.013090372085571289
0.013686656951904297
0.014938116073608398
0.014109134674072266
0.01279759407043457
0.012743711471557617
0.013597726821899414
0.013833045959472656
0.013391494750976562
0.013204097747802734
0.013300657272338867
0.013256549835205078
0.012921810150146484
0.014757394790649414
0.01544642448425293
0.013700246810913086
0.01359105110168457
0.01433563232421875
0.013443470001220703
0.014483451843261719
0.014205694198608398
0.013225555419921875
0.013811588287353516
0.013558626174926758
0.013621330261230469
0.013623237609863281
0.014542102813720703
0.013899803161621094
0.01571369171142578
0.01464700698852539
0.014373779296875
0.013312101364135742
0.015132427215576172
0.01298069953918457
0.013612985610961914
0.013071298599243164
0.013533353805541992
0.013808727264404297
0.012959480285644531
0.01565098762512207
0.014823436737060547
0.014000415802001953
0.014149904251098633
0.013729333877563477
0.014723539352416992
0.013190984725952148
0.013619661331176758
0.01286935806274414
0.014787435531616211
0.013848066329956055
0.014192819595336914
0.01282811164855957
0.013596773147583008
0.013432979583740234
0.014045000076293945
0.014315605163574219
0.014431238174438477
0.01341700553894043
0.013808727264404297
0.014285087585449219
0.013823747634887695
0.013300418853759766
0.013748884201049805
0.01519012451171875
0.01352548599243164
0.013888835906982422
0.015459060668945312
0.013920783996582031
0.013894319534301758
0.015045881271362305
0.01540374755859375
0.013965606689453125
0.014743328094482422
0.012994766235351562
0.01516866683959961
0.013808012008666992
0.01307988166809082
0.013451576232910156
0.01416921615600586
0.013756990432739258
0.012928962707519531
0.012910842895507812
0.013481378555297852
0.013620376586914062
0.012952089309692383
0.014030694961547852
0.014108419418334961
0.014102458953857422
0.013364791870117188
0.013486862182617188
0.013553857803344727
0.013871908187866211
0.013905763626098633
0.013803720474243164
0.015106916427612305
0.013180017471313477
0.012868165969848633
0.013459920883178711
0.01481318473815918
0.014106988906860352
0.013292789459228516
0.01385641098022461
0.014230012893676758
0.01387166976928711
0.013857364654541016
0.014101028442382812
0.014167547225952148
0.01416325569152832
0.013887405395507812
0.013917207717895508
0.014362335205078125
0.014472246170043945
0.014732122421264648
0.013854503631591797
0.014173269271850586
0.013994693756103516
0.013079404830932617
0.013093948364257812
0.013083219528198242
0.015541315078735352
0.013708829879760742
0.013746261596679688
0.015365123748779297
0.012992382049560547
0.01281595230102539
0.01411890983581543
0.013359546661376953
0.01432657241821289
0.014466285705566406
0.01403951644897461
0.014368534088134766
0.013950824737548828
0.013947486877441406
0.013129472732543945
0.012889385223388672
0.01456761360168457
0.01412057876586914
0.013113021850585938
0.014173746109008789
0.01373744010925293
0.013902902603149414
0.013480901718139648
0.013293027877807617
0.015189886093139648
0.012941122055053711
0.014009475708007812
0.013486146926879883
0.013107061386108398
0.013250350952148438
0.013520002365112305
0.013570308685302734
0.01430511474609375
0.013301610946655273
0.013784170150756836
0.01340174674987793
0.013081550598144531
0.013223409652709961
0.013405323028564453
0.014233589172363281
0.013365507125854492
0.013365745544433594
0.0136566162109375
0.014410734176635742
0.012889862060546875
0.013388395309448242
0.01495361328125
0.014307498931884766
0.014234781265258789
0.013006925582885742
0.013938665390014648
0.01428675651550293
0.01372981071472168
0.01468968391418457
0.013079166412353516
0.01285696029663086
0.013205766677856445
0.014742612838745117
0.014226198196411133
0.013161182403564453
0.013898134231567383
0.01419687271118164
0.013534307479858398
0.013094663619995117
0.013638734817504883
0.013236284255981445
0.014100790023803711
0.013849973678588867
0.013714075088500977
0.015529870986938477
0.014464855194091797
0.014897584915161133
0.016133546829223633
0.013360738754272461
0.014174222946166992
0.013451337814331055
0.014039039611816406
0.013323783874511719
0.01520681381225586
0.013982295989990234
0.012918233871459961
0.012974739074707031
0.013059616088867188
0.013627767562866211
0.013339757919311523
0.013489961624145508
0.013522148132324219
0.013721466064453125
0.013135910034179688
0.012877941131591797
0.013701677322387695
0.01379251480102539
0.014155149459838867
0.01298379898071289
0.013281822204589844
0.013790130615234375
0.013373613357543945
0.014058828353881836
0.013741016387939453
0.013646364212036133
0.013354063034057617
0.013745784759521484
0.013033866882324219
0.013367891311645508
0.014085531234741211
0.013830900192260742
0.013578653335571289
0.013017654418945312
0.014052152633666992
0.014981746673583984
0.015045642852783203
0.014106035232543945
0.012897253036499023
0.014152765274047852
0.012784719467163086
0.012751340866088867
0.01292729377746582
0.013944387435913086
0.013279438018798828
0.01388096809387207
0.013827800750732422
0.013720512390136719
0.013634920120239258
0.013588190078735352
0.01387166976928711
0.01363515853881836
0.013751506805419922
0.013524055480957031
0.014642000198364258
0.01346898078918457
0.013770341873168945
0.015439748764038086
0.013872385025024414
0.014531135559082031
0.013267040252685547
0.013464212417602539
0.013505220413208008
0.013523578643798828
0.013887405395507812
0.013768911361694336
0.01340031623840332
0.013767719268798828
0.014283895492553711
0.014488458633422852
0.014144420623779297
0.01384735107421875
0.015337467193603516
0.01414799690246582
0.014259099960327148
0.013691186904907227
0.016358375549316406
0.013940572738647461
0.013862371444702148
0.012869834899902344
0.01280975341796875
0.013097763061523438
0.013644695281982422
0.014649391174316406
0.01278996467590332
0.012866020202636719
0.013127565383911133
0.013068199157714844
0.013515233993530273
0.013762474060058594
0.013912439346313477
0.013214111328125
0.012982845306396484
0.01351308822631836
0.01390838623046875
0.012885332107543945
0.013547897338867188
0.012817144393920898
0.013475418090820312
0.013473033905029297
0.012875795364379883
0.013715505599975586
0.013001441955566406
0.01559305191040039
0.012770652770996094
0.012829065322875977
0.013463497161865234
0.013459920883178711
0.013599634170532227
0.012923479080200195
0.013913154602050781
0.01326751708984375
0.01296091079711914
0.013039588928222656
0.016329526901245117
0.01390838623046875
0.01396322250366211
0.014087200164794922
0.013583898544311523
0.013864278793334961
0.014804601669311523
0.013085603713989258
0.013496160507202148
0.014702558517456055
0.013625860214233398
0.013275384902954102
0.013092994689941406
0.013656139373779297
0.014166593551635742
0.01369929313659668
0.013082265853881836
0.012785673141479492
0.01577305793762207
0.013095617294311523
0.013184309005737305
0.013412714004516602
0.013708829879760742
0.014083147048950195
0.013094425201416016
0.013270378112792969
0.013511180877685547
0.013720035552978516
0.01308298110961914
0.013942480087280273
0.013950824737548828
0.013348579406738281
0.01351785659790039
0.014489173889160156
0.01424551010131836
0.013773441314697266
0.015053033828735352
0.013488292694091797
0.014155387878417969
0.01285409927368164
0.012872695922851562
0.012806892395019531
0.01293039321899414
0.012739896774291992
0.014571666717529297
0.012986898422241211
0.012900590896606445
0.013732194900512695
0.013361215591430664
0.014137506484985352
0.013597488403320312
0.012978792190551758
0.01280069351196289
0.01570916175842285
0.014414310455322266
0.013987302780151367
0.014165878295898438
0.014040470123291016
0.013666152954101562
0.014140605926513672
0.015353202819824219
0.01421356201171875
0.014166593551635742
0.014595270156860352
0.013425350189208984
0.01394796371459961
0.013486623764038086
0.013930082321166992
0.016330718994140625
0.014058113098144531
0.013739347457885742
0.013778924942016602
0.015158653259277344
0.014641046524047852
0.013712882995605469
0.013039350509643555
0.014477014541625977
0.012925386428833008
0.013941049575805664
0.013896703720092773
0.013423681259155273
0.014894485473632812
0.013764381408691406
0.013861417770385742
0.013704061508178711
0.013410568237304688
0.013711214065551758
0.014203786849975586
0.013357162475585938
0.013532400131225586
0.015757322311401367
0.012943506240844727
0.014098405838012695
0.01379084587097168
0.013712644577026367
0.014256954193115234
0.013882637023925781
0.013674736022949219
0.013773441314697266
0.014231443405151367
0.013785600662231445
0.013194561004638672
0.013679981231689453
0.013805627822875977
0.014327526092529297
0.014481067657470703
0.014718770980834961
0.014724254608154297
0.013348817825317383
0.013332366943359375
0.013119697570800781
0.014123916625976562
0.01421809196472168
0.013600826263427734
0.01416921615600586
0.012884378433227539
0.013936281204223633
0.013624191284179688
0.013704299926757812
0.014355897903442383
0.012922286987304688
0.013890504837036133
0.014306068420410156
0.014683246612548828
0.013971805572509766
0.013790130615234375
0.013286828994750977
0.013332843780517578
0.013407707214355469
0.013687849044799805
0.01327371597290039
0.013309478759765625
0.01395416259765625
0.01333475112915039
0.013422966003417969
0.014518499374389648
0.013639688491821289
0.01401829719543457
0.013450860977172852
0.013204813003540039
0.014237642288208008
0.013925313949584961
0.013772726058959961
0.013399362564086914
0.01466059684753418
0.013348102569580078
0.013939619064331055
0.014233589172363281
0.013023614883422852
0.014177083969116211
0.01384425163269043
0.014571189880371094
0.014275789260864258
0.012982368469238281
0.013195037841796875
0.01374197006225586
0.013934135437011719
0.0130767822265625
0.013597726821899414
0.013563156127929688
0.013852834701538086
0.014379501342773438
0.015531063079833984
0.015224456787109375
0.015363454818725586
0.013761043548583984
0.014330148696899414
0.013355493545532227
0.013223409652709961
0.013749122619628906
0.015239238739013672
0.01369333267211914
0.014029741287231445
0.012957334518432617
0.013798236846923828
0.014086246490478516
0.01385641098022461
0.012951850891113281
0.014074563980102539
0.013140201568603516
0.014919757843017578
0.013447999954223633
0.015040874481201172
0.013910531997680664
0.013341188430786133
0.013848066329956055
0.014893531799316406
0.013788223266601562
0.013633489608764648
0.013802528381347656
0.013101816177368164
0.01443934440612793
0.013608455657958984
0.013641357421875
0.01416015625
0.013525247573852539
0.014556407928466797
0.013608694076538086
0.01553654670715332
0.014593839645385742
0.013667821884155273
0.01493382453918457
0.014400243759155273
0.014017581939697266
0.014243602752685547
0.013782262802124023
0.013283729553222656
0.014769554138183594
0.013296127319335938
0.013292789459228516
0.01419377326965332
0.013701200485229492
0.014926671981811523
0.01521611213684082
0.015255928039550781
0.01371312141418457
0.014340400695800781
0.014085531234741211
0.015127182006835938
0.014929533004760742
0.013849735260009766
0.014165401458740234
0.01354217529296875
0.012950658798217773
0.014139175415039062
0.013465642929077148
0.014229536056518555
0.015485763549804688
0.01363992691040039
0.014087200164794922
0.013432741165161133
0.013948202133178711
0.012853860855102539
0.014232397079467773
0.013667106628417969
0.014534473419189453
0.014052867889404297
0.01402735710144043
0.013615608215332031
0.01401662826538086
0.013374567031860352
0.012907266616821289
0.013775348663330078
0.014063358306884766
0.013929367065429688
0.013463497161865234
0.013352394104003906
0.01479029655456543
0.013528108596801758
0.013874292373657227
0.016074180603027344
0.014391183853149414
0.013643741607666016
0.013271570205688477
0.013012409210205078
0.014798641204833984
0.013301372528076172
0.014809846878051758
0.013735771179199219
0.01340484619140625
0.013040781021118164
0.013324499130249023
0.01312875747680664
0.012986898422241211
0.012885332107543945
0.01277613639831543
0.013229608535766602
0.013500452041625977
0.013492822647094727
0.012989521026611328
0.012848854064941406
0.013036251068115234
0.012902021408081055
0.013669013977050781
0.017156362533569336
0.013787508010864258
0.015352249145507812
0.013735532760620117
0.014137744903564453
0.013540267944335938
0.013468503952026367
0.012850284576416016
0.01360011100769043
0.01372671127319336
0.012759685516357422
0.012818098068237305
0.012872695922851562
0.013778924942016602
0.013116121292114258
0.013067483901977539
0.013575315475463867
0.013326406478881836
0.014384746551513672
0.013018608093261719
0.01376199722290039
0.014121532440185547
0.013398885726928711
0.012792587280273438
0.0162503719329834
0.014079809188842773
0.014233112335205078
0.013840675354003906
0.013181447982788086
0.014428138732910156
0.014635562896728516
0.013455867767333984
0.014633893966674805
0.014071941375732422
0.013498306274414062
0.012897491455078125
0.014175176620483398
0.013231515884399414
0.013124227523803711
0.01332402229309082
0.013694047927856445
0.013802528381347656
0.013107538223266602
0.012941598892211914
0.013206005096435547
0.012937784194946289
0.012898445129394531
0.012958765029907227
0.01416158676147461
0.013275623321533203
0.013185977935791016
0.013830184936523438
0.013054847717285156
0.014020204544067383
0.013164758682250977
0.01286625862121582
0.012803316116333008
0.013401985168457031
0.01425480842590332
0.013929128646850586
0.014879703521728516
0.013203620910644531
0.013219356536865234
0.013382196426391602
0.013703346252441406
0.013194561004638672
0.01328587532043457
0.012800455093383789
0.012816667556762695
0.01335000991821289
0.013353109359741211
0.012730121612548828
0.01383352279663086
0.014210939407348633
0.013029098510742188
0.01365971565246582
0.013344287872314453
0.012984275817871094
0.013716697692871094
0.013153553009033203
0.013645410537719727
0.013597726821899414
0.013535499572753906
0.015204906463623047
0.014896154403686523
0.013830423355102539
0.014867544174194336
0.015472173690795898
0.013861894607543945
0.014108657836914062
0.013901710510253906
0.013896703720092773
0.01339268684387207
0.013263702392578125
0.013002395629882812
0.013466119766235352
0.013815164566040039
0.014871597290039062
0.013007402420043945
0.015198707580566406
0.014330863952636719
0.014131784439086914
0.015160322189331055
0.013686180114746094
0.013934850692749023
0.01369333267211914
0.013221502304077148
0.015047788619995117
0.013532638549804688
0.013540029525756836
0.013316869735717773
0.013729572296142578
0.013640642166137695
0.012832880020141602
0.013910770416259766
0.014225482940673828
0.014334678649902344
0.015503168106079102
0.012932062149047852
0.014075517654418945
0.013115644454956055
0.01358485221862793
0.014204740524291992
0.014215230941772461
0.013579845428466797
0.013988018035888672
0.013279438018798828
0.013083457946777344
0.01302790641784668
0.013462305068969727
0.012749195098876953
0.013607978820800781
0.012945413589477539
0.013609886169433594
0.013619661331176758
0.01380610466003418
0.013643503189086914
0.013796329498291016
0.015317201614379883
0.013175010681152344
0.013249397277832031
0.013004064559936523
0.012835264205932617
0.012874364852905273
0.012810230255126953
0.01353144645690918
0.013107538223266602
0.013189077377319336
0.012792348861694336
0.015147924423217773
0.01392054557800293
0.013864517211914062
0.013654947280883789
0.013450860977172852
0.014050722122192383
0.013571977615356445
0.013687610626220703
0.014405250549316406
0.014618635177612305
0.01299595832824707
0.014856576919555664
0.013518333435058594
0.013567209243774414
0.013110637664794922
0.013980627059936523
0.014367818832397461
0.013759374618530273
0.014157533645629883
0.014427900314331055
0.013510942459106445
0.014009714126586914
0.014126777648925781
0.014648914337158203
0.01454019546508789
0.013256549835205078
0.013919591903686523
0.013892650604248047
0.01459050178527832
0.01357889175415039
0.013935327529907227
0.01332545280456543
0.013756752014160156
0.014556169509887695
0.014063596725463867
0.014470338821411133
0.012844562530517578
0.012889623641967773
0.013199329376220703
0.01392054557800293
0.014474868774414062
0.014224052429199219
0.013614177703857422
0.012893915176391602
0.013480424880981445
0.012956380844116211
0.013535022735595703
0.015017271041870117
0.013895750045776367
0.014861822128295898
0.015389680862426758
0.013613224029541016
0.0134124755859375
0.014260292053222656
0.014106035232543945
0.01319575309753418
0.01375269889831543
0.014556884765625
0.014128446578979492
0.014905691146850586
0.014148473739624023
0.014670848846435547
0.013802528381347656
0.013645172119140625
0.014077901840209961
0.013571739196777344
0.015857458114624023
0.013581514358520508
0.013855695724487305
0.013863325119018555
0.014081001281738281
0.014283418655395508
0.013655662536621094
0.01296854019165039
0.013751983642578125
0.013915777206420898
0.015311241149902344
0.014258861541748047
0.01337432861328125
0.013905048370361328
0.01661849021911621
0.014327526092529297
0.013421773910522461
0.013542890548706055
0.013127565383911133
0.013091802597045898
0.013154983520507812
0.012947797775268555
0.013032197952270508
0.012959480285644531
0.013136148452758789
0.013483047485351562
0.013537883758544922
0.01345062255859375
0.013003110885620117
0.013775348663330078
0.013208389282226562
0.01366424560546875
0.013647079467773438
0.013267040252685547
0.013382434844970703
0.015963315963745117
0.014308452606201172
0.01479196548461914
0.014638662338256836
0.013911724090576172
0.013421058654785156
0.013254165649414062
0.013825654983520508
0.014455795288085938
0.013120889663696289
0.014829635620117188
0.013228178024291992
0.013715505599975586
0.014277219772338867
0.014505147933959961
0.014681816101074219
0.015494108200073242
0.014451980590820312
0.013765096664428711
0.014954090118408203
0.015102386474609375
0.015190839767456055
0.015269756317138672
0.014034032821655273
0.013563394546508789
0.013386726379394531
0.013623237609863281
0.013521909713745117
0.013798713684082031
0.013303518295288086
0.01468658447265625
0.014155864715576172
0.01344919204711914
0.01486515998840332
0.013258695602416992
0.01391148567199707
0.014087438583374023
0.013658523559570312
0.01388406753540039
0.013652801513671875
0.012875080108642578
0.013175487518310547
0.013896703720092773
0.013178110122680664
0.014390230178833008
0.013073444366455078
0.013364315032958984
0.014496326446533203
0.015393972396850586
0.013107538223266602
0.013558626174926758
0.016211509704589844
0.013640403747558594
0.013871192932128906
0.015682458877563477
0.013335943222045898
0.013171195983886719
0.013346433639526367
0.013839244842529297
0.013894319534301758
0.014398813247680664
0.01351475715637207
0.014208555221557617
0.013106584548950195
0.013676643371582031
0.01359701156616211
0.013732433319091797
0.013252019882202148
0.012816905975341797
0.012990236282348633
0.012761592864990234
0.016228914260864258
0.013309240341186523
0.013733863830566406
0.014173269271850586
0.014736652374267578
0.014248132705688477
0.013389110565185547
0.013194561004638672
0.013242959976196289
0.013055562973022461
0.013685464859008789
0.013013601303100586
0.013763427734375
0.013607978820800781
0.013737916946411133
0.013643503189086914
0.013990640640258789
0.013606071472167969
0.01578664779663086
0.013521671295166016
0.01460123062133789
0.013062715530395508
0.013969659805297852
0.015878677368164062
0.014343738555908203
0.014754295349121094
0.014588117599487305
0.013659954071044922
0.013642072677612305
0.014240741729736328
0.014397144317626953
0.013502359390258789
0.012992382049560547
0.013680458068847656
0.012969970703125
0.0145111083984375
0.01332855224609375
0.014335870742797852
0.013696670532226562
0.013137340545654297
0.014314889907836914
0.013378143310546875
0.013593912124633789
0.013196468353271484
0.013502359390258789
0.014540672302246094
0.013225078582763672
0.013734817504882812
0.013483047485351562
0.013596296310424805
0.013235807418823242
0.01342320442199707
0.013242959976196289
0.013071537017822266
0.014305353164672852
0.01355886459350586
0.012886762619018555
0.012841463088989258
0.012897253036499023
0.01285099983215332
0.013417720794677734
0.013669729232788086
0.013144254684448242
0.013125419616699219
0.013120889663696289
0.012948751449584961
0.013228893280029297
0.013544559478759766
0.0136871337890625
0.014594316482543945
0.0145721435546875
0.013109207153320312
0.014121770858764648
0.014588117599487305
0.014270305633544922
0.014697074890136719
0.01325678825378418
0.014020204544067383
0.01353597640991211
0.013805150985717773
0.014529705047607422
0.01372838020324707
0.014498710632324219
0.01375269889831543
0.014364957809448242
0.013828516006469727
0.013527631759643555
0.014075279235839844
0.013921499252319336
0.013031482696533203
0.013441324234008789
0.013694524765014648
0.015044927597045898
0.013176679611206055
0.014429807662963867
0.015020370483398438
0.01372075080871582
0.013990163803100586
0.013923406600952148
0.014458417892456055
0.01426386833190918
0.013951301574707031
0.013602495193481445
0.013701915740966797
0.012960672378540039
0.012959480285644531
0.012951135635375977
0.01379537582397461
0.01282811164855957
0.012881278991699219
0.013288259506225586
0.013772964477539062
0.01348733901977539
0.014472484588623047
0.014016389846801758
0.013693571090698242
0.014357328414916992
0.014194488525390625
0.014028549194335938
0.014085054397583008
0.01321554183959961
0.012904644012451172
0.013043642044067383
0.013286828994750977
0.012858152389526367
0.012821674346923828
0.012956857681274414
0.01287841796875
0.013827323913574219
0.01281285285949707
0.013073921203613281
0.012805461883544922
0.013341188430786133
0.013538599014282227
0.013576745986938477
0.014357566833496094
0.013433456420898438
0.013790369033813477
0.013628959655761719
0.012905597686767578
0.013322591781616211
0.013866901397705078
0.014148473739624023
0.013475179672241211
0.013553142547607422
0.01501321792602539
0.013101339340209961
0.012924671173095703
0.012957334518432617
0.01324605941772461
0.013499021530151367
0.012779474258422852
0.013834238052368164
0.01312112808227539
0.013303756713867188
0.012802600860595703
0.013098478317260742
0.013726949691772461
0.01388859748840332
0.01287531852722168
0.013792276382446289
0.01338648796081543
0.013197183609008789
0.012799263000488281
0.012873172760009766
0.013239860534667969
0.013463258743286133
0.012727737426757812
0.013294696807861328
0.012822628021240234
0.013303756713867188
0.013911962509155273
0.012932062149047852
0.013267755508422852
0.01285243034362793
0.01315450668334961
0.013890266418457031
0.013589620590209961
0.013440370559692383
