0.05345630645751953
0.03246450424194336
0.03280162811279297
0.04352402687072754
0.05121946334838867
0.04120779037475586
0.04400968551635742
0.05427408218383789
0.04900074005126953
0.050595998764038086
0.05150341987609863
0.04939675331115723
0.03679299354553223
0.04330635070800781
0.047724008560180664
0.049118995666503906
0.05439329147338867
0.045328378677368164
0.047234296798706055
0.04379916191101074
0.04060220718383789
0.04831671714782715
0.04041695594787598
0.0399014949798584
0.04142141342163086
0.053534746170043945
0.04811882972717285
0.041620731353759766
0.044324636459350586
0.04736685752868652
0.042913198471069336
0.047495365142822266
0.04725289344787598
0.05489158630371094
0.04246091842651367
0.03787732124328613
0.05215096473693848
0.04955792427062988
0.041690826416015625
0.046750783920288086
0.04573369026184082
0.05297040939331055
0.04052543640136719
0.045125484466552734
0.04506373405456543
0.039920806884765625
0.04689431190490723
0.04558134078979492
0.0382843017578125
0.061575889587402344
0.042942047119140625
0.04599475860595703
0.04752492904663086
0.049054861068725586
0.05045485496520996
0.04318070411682129
0.047620296478271484
0.046657562255859375
0.040284156799316406
0.03966236114501953
0.04904341697692871
0.04628753662109375
0.041647911071777344
0.04388928413391113
0.04944491386413574
0.042699575424194336
0.044596195220947266
0.04470968246459961
0.03981614112854004
0.042327880859375
0.05541586875915527
0.04827523231506348
0.039279937744140625
0.05132889747619629
0.04243350028991699
0.05532050132751465
0.04229450225830078
0.040033578872680664
0.048755645751953125
0.04788947105407715
0.04743838310241699
0.04245734214782715
0.041944026947021484
0.05824637413024902
0.04685568809509277
0.03992819786071777
0.0451960563659668
0.050371646881103516
0.045899152755737305
0.04642462730407715
0.05339169502258301
0.0471036434173584
0.044280052185058594
0.049979209899902344
0.041150569915771484
0.0475771427154541
0.05009007453918457
0.050933837890625
0.042113304138183594
0.043145179748535156
0.051012277603149414
0.05063199996948242
0.04804658889770508
0.04415392875671387
0.043566226959228516
0.04317593574523926
0.044374942779541016
0.050963401794433594
0.04171252250671387
0.048453330993652344
0.04172968864440918
0.045447587966918945
0.05457592010498047
0.04274630546569824
0.040483951568603516
0.042630910873413086
0.05190467834472656
0.04101753234863281
0.04901409149169922
0.04277372360229492
0.04831290245056152
0.03945779800415039
0.03928685188293457
0.03787350654602051
0.043633460998535156
0.04721522331237793
0.05161261558532715
0.0489652156829834
0.04055213928222656
0.041979074478149414
0.044518232345581055
0.03894925117492676
0.040863752365112305
0.04381990432739258
0.04727745056152344
0.05151486396789551
0.04998373985290527
0.042207956314086914
0.05039334297180176
0.040162086486816406
0.04439115524291992
0.04084181785583496
0.043230533599853516
0.04091978073120117
0.04097175598144531
0.04485797882080078
0.04781174659729004
0.040814876556396484
0.04731488227844238
0.04789423942565918
0.04309821128845215
0.04554867744445801
0.041208505630493164
0.05285191535949707
0.04769396781921387
0.04468798637390137
0.04029512405395508
0.04226112365722656
0.03631401062011719
0.041665077209472656
0.04612112045288086
0.03802299499511719
0.041251420974731445
0.0519564151763916
0.05241870880126953
0.04387474060058594
0.0497593879699707
0.050871849060058594
0.04438066482543945
0.04282951354980469
0.04853034019470215
0.034008026123046875
0.04079294204711914
0.0464327335357666
0.04305720329284668
0.05269050598144531
0.046923160552978516
0.04498124122619629
0.04807472229003906
0.04600167274475098
0.049451351165771484
0.05363321304321289
0.04644060134887695
0.0517430305480957
0.04423379898071289
0.04779672622680664
0.04612302780151367
0.051859378814697266
0.04649829864501953
0.04467368125915527
0.05409693717956543
0.04834461212158203
0.05452251434326172
0.048660993576049805
0.042704105377197266
0.0510563850402832
0.04861927032470703
0.052692413330078125
0.05925893783569336
0.05495333671569824
0.051415443420410156
0.05127096176147461
0.0422663688659668
0.05434370040893555
0.03706073760986328
0.04803204536437988
0.0464017391204834
0.05419588088989258
0.056600093841552734
0.03547215461730957
0.046996355056762695
0.03717374801635742
0.037516117095947266
0.03813481330871582
0.042180776596069336
0.04127311706542969
0.03827667236328125
0.0547182559967041
0.03242683410644531
0.03209042549133301
0.032326698303222656
0.037905216217041016
0.040960073471069336
0.05204343795776367
0.05173492431640625
0.04790902137756348
0.04265022277832031
0.05240774154663086
0.04483962059020996
0.04299521446228027
0.03899836540222168
0.04996895790100098
0.04378557205200195
0.03886914253234863
0.03801679611206055
0.04777860641479492
0.050038814544677734
0.048847198486328125
0.04204678535461426
0.039708852767944336
0.04703235626220703
0.05183911323547363
0.04883718490600586
0.03501701354980469
0.0467073917388916
0.04488396644592285
0.04387688636779785
0.049538373947143555
0.04581117630004883
0.0521998405456543
0.04167771339416504
0.04873323440551758
0.05218362808227539
0.05179190635681152
0.04259467124938965
0.05300760269165039
0.035550832748413086
0.047772884368896484
0.051468849182128906
0.041718482971191406
0.05403447151184082
0.0580134391784668
0.044226884841918945
0.05554056167602539
0.048873186111450195
0.049779415130615234
0.05381178855895996
0.05360245704650879
0.0460505485534668
0.061095476150512695
0.04880166053771973
0.05365920066833496
0.05009818077087402
0.044947147369384766
0.05480027198791504
0.044359683990478516
0.04906296730041504
0.04863762855529785
0.05745339393615723
0.05166506767272949
0.04429054260253906
0.048094749450683594
0.05696558952331543
0.044936180114746094
0.046361446380615234
0.04375004768371582
0.049241065979003906
0.05239605903625488
0.0509951114654541
0.042588233947753906
0.03637218475341797
0.05350208282470703
0.0512239933013916
0.04190397262573242
0.04458165168762207
0.054136037826538086
0.042534589767456055
0.043170928955078125
0.046142578125
0.04495811462402344
0.05369424819946289
0.04199814796447754
0.061112403869628906
0.035929203033447266
0.04598569869995117
0.046564579010009766
0.055194854736328125
0.04820084571838379
0.04749417304992676
0.04661440849304199
0.041036128997802734
0.042791128158569336
0.04188036918640137
0.04728889465332031
0.04385995864868164
0.04126477241516113
0.050605058670043945
0.040465593338012695
0.04514765739440918
0.04318952560424805
0.04439973831176758
0.04653000831604004
0.04548788070678711
0.04736614227294922
0.043256282806396484
0.03816938400268555
0.0482940673828125
0.04843425750732422
0.04048609733581543
0.04694366455078125
0.05179762840270996
0.04694843292236328
0.04457879066467285
0.04085350036621094
0.04867362976074219
0.04687929153442383
0.04351234436035156
0.05064964294433594
0.051316261291503906
0.05031538009643555
0.043302059173583984
0.0453181266784668
0.05855560302734375
0.05063748359680176
0.0457913875579834
0.045775651931762695
0.04351949691772461
0.04472064971923828
0.05304312705993652
0.0410614013671875
0.04499220848083496
0.04584932327270508
0.05254530906677246
0.0415644645690918
0.05295157432556152
0.0453486442565918
0.04434800148010254
0.043763160705566406
0.0511472225189209
0.051728010177612305
0.0452573299407959
0.045928239822387695
0.04221081733703613
0.03271675109863281
0.05056476593017578
0.04679393768310547
0.04926800727844238
0.04737520217895508
0.05311155319213867
0.04825091361999512
0.04567360877990723
0.049574851989746094
0.04948735237121582
0.040776729583740234
0.043936967849731445
0.053314208984375
0.04025626182556152
0.0488436222076416
0.05302691459655762
0.04985857009887695
0.0479280948638916
0.043570518493652344
0.05230355262756348
0.04189705848693848
0.04685544967651367
0.04894709587097168
0.04607033729553223
0.05093121528625488
0.04096031188964844
0.04210186004638672
0.05273175239562988
0.04196739196777344
0.05168437957763672
0.045831918716430664
0.041024208068847656
0.04134511947631836
0.04799032211303711
0.047121524810791016
0.052201032638549805
0.04460740089416504
0.05154991149902344
0.04472947120666504
0.04644775390625
0.04386734962463379
0.05850481986999512
0.04180622100830078
0.05115032196044922
0.056844234466552734
0.05238509178161621
0.05367684364318848
0.049309492111206055
0.045565128326416016
0.052652835845947266
0.05015373229980469
0.033097267150878906
0.05302858352661133
0.04707837104797363
0.04766511917114258
0.04560375213623047
0.05067181587219238
0.0642542839050293
0.04402589797973633
0.051870107650756836
0.049814462661743164
0.052626609802246094
0.0542912483215332
0.054355621337890625
0.050187110900878906
0.0480043888092041
0.04384756088256836
0.04116559028625488
0.058249473571777344
0.050148963928222656
0.0469510555267334
0.045867919921875
0.04158282279968262
0.05514407157897949
0.06074047088623047
0.048719167709350586
0.0510401725769043
0.043100595474243164
0.051497459411621094
0.04913163185119629
0.04460000991821289
0.04241013526916504
0.053397178649902344
0.04684042930603027
0.04414987564086914
0.045188188552856445
0.047215938568115234
0.04522132873535156
0.04491138458251953
0.04671907424926758
0.0394284725189209
0.04788374900817871
0.04168987274169922
0.044808149337768555
0.04658842086791992
0.04587697982788086
0.051410675048828125
0.04812955856323242
0.03828287124633789
0.05073690414428711
0.04886436462402344
0.04450416564941406
0.056296348571777344
0.04330611228942871
0.05173993110656738
0.056679487228393555
0.04608631134033203
0.04507923126220703
0.049958229064941406
0.05384111404418945
0.052736759185791016
0.03583168983459473
0.048873186111450195
0.05397391319274902
0.04307842254638672
0.046265363693237305
0.05294346809387207
0.04937291145324707
0.04434657096862793
0.054788827896118164
0.05354595184326172
0.05535268783569336
0.0461275577545166
0.0438382625579834
0.04321479797363281
0.05916714668273926
0.04773688316345215
0.04738903045654297
0.04696345329284668
0.052228450775146484
0.04320979118347168
0.04882478713989258
0.04440617561340332
0.044989824295043945
0.04690742492675781
0.05970311164855957
0.051415443420410156
0.05157470703125
0.04989361763000488
0.04724764823913574
0.04339122772216797
0.04446291923522949
0.048178911209106445
0.04951357841491699
0.06002235412597656
0.04824113845825195
0.04751873016357422
0.04794931411743164
0.042024850845336914
0.049330711364746094
0.04329967498779297
0.04414486885070801
0.045745849609375
0.04523777961730957
0.03955674171447754
0.0410304069519043
0.05220222473144531
0.03850364685058594
0.04893851280212402
0.04746866226196289
0.04195547103881836
0.04694628715515137
0.04452633857727051
0.04840707778930664
0.04265761375427246
0.04220128059387207
0.04647231101989746
0.04214763641357422
0.05314183235168457
0.05048775672912598
0.03423166275024414
0.055971384048461914
0.04410243034362793
0.04896950721740723
0.04416084289550781
0.04792189598083496
0.04506373405456543
0.04878973960876465
0.04438281059265137
0.05143308639526367
0.043390512466430664
0.04424881935119629
0.05385017395019531
0.043392181396484375
0.04952073097229004
0.0518641471862793
0.04069089889526367
0.056940555572509766
0.04813385009765625
0.04942941665649414
0.052507877349853516
0.0498960018157959
0.050611019134521484
0.04907822608947754
0.053598880767822266
0.048410654067993164
0.05927109718322754
0.0509793758392334
0.04109001159667969
0.04491376876831055
0.043302059173583984
0.044081687927246094
0.044301509857177734
0.04874110221862793
0.03824114799499512
0.04275035858154297
0.04754352569580078
0.053536415100097656
0.04048752784729004
0.04577517509460449
0.04681897163391113
0.05283093452453613
0.04841256141662598
0.04791569709777832
0.048578500747680664
0.046520233154296875
0.05023527145385742
0.052199602127075195
0.0502622127532959
0.049869537353515625
0.04935908317565918
0.0470118522644043
0.04781317710876465
0.04364418983459473
0.05336165428161621
0.05039525032043457
0.04937434196472168
0.050794363021850586
0.05542254447937012
0.05039215087890625
0.04372596740722656
0.04265475273132324
0.04471135139465332
0.04471325874328613
0.04648280143737793
0.0534358024597168
0.04711556434631348
0.05561089515686035
0.045163631439208984
0.041513919830322266
0.0524446964263916
0.06101083755493164
0.042243242263793945
0.045777082443237305
0.04901432991027832
0.05035400390625
0.04497671127319336
0.049768924713134766
0.04059314727783203
0.04390573501586914
0.048270463943481445
0.054906606674194336
0.04718947410583496
0.04473137855529785
0.04436230659484863
0.05114626884460449
0.04149484634399414
0.039515018463134766
0.04232168197631836
0.04402923583984375
0.046584367752075195
0.04923844337463379
0.04634809494018555
0.05463767051696777
0.040220022201538086
0.04181647300720215
0.037831783294677734
0.04419994354248047
0.04969930648803711
0.0463712215423584
0.05213594436645508
0.04949474334716797
0.04531359672546387
0.04657340049743652
0.05275082588195801
0.04858708381652832
0.05045628547668457
0.03973197937011719
0.04208850860595703
0.03671550750732422
0.045400142669677734
0.04188060760498047
0.03827857971191406
0.04273796081542969
0.03994560241699219
0.040459394454956055
0.05431413650512695
0.04885053634643555
0.04530787467956543
0.05251145362854004
0.0512540340423584
0.049832820892333984
0.045549869537353516
0.043767452239990234
0.04272818565368652
0.04949831962585449
0.04424023628234863
0.046593666076660156
0.0471949577331543
0.05198311805725098
0.04961752891540527
0.04267573356628418
0.042402029037475586
0.0401005744934082
0.04096508026123047
0.046071767807006836
0.043576717376708984
0.04425978660583496
0.04496431350708008
0.045031070709228516
0.048853158950805664
0.04933309555053711
0.046266794204711914
0.046860694885253906
0.04857158660888672
0.04340839385986328
0.049582481384277344
0.04996323585510254
0.05282020568847656
0.047371864318847656
0.0510106086730957
0.044921159744262695
0.04669904708862305
0.04604530334472656
0.05322384834289551
0.04701542854309082
0.04671907424926758
0.046218156814575195
0.04440927505493164
0.05196571350097656
0.054203033447265625
0.0472264289855957
0.056092023849487305
0.0466158390045166
0.051520347595214844
0.05291247367858887
0.04387712478637695
0.04276299476623535
0.04420208930969238
0.04077911376953125
0.04093432426452637
0.051961421966552734
0.04934191703796387
0.0487971305847168
0.04985499382019043
0.04573559761047363
0.05157303810119629
0.04429054260253906
0.04426145553588867
0.0528411865234375
0.043880462646484375
0.046914100646972656
0.04433274269104004
0.038730621337890625
0.05016350746154785
0.05325627326965332
0.03953289985656738
0.04274606704711914
0.054052114486694336
0.043190956115722656
0.04128003120422363
0.05708503723144531
0.05585122108459473
0.042014122009277344
0.052224159240722656
0.04962515830993652
0.041609764099121094
0.044526100158691406
0.0398707389831543
0.04307436943054199
0.04367494583129883
0.04011106491088867
0.03448772430419922
0.04890799522399902
0.04812192916870117
0.040657758712768555
0.04146933555603027
0.044816017150878906
0.04142141342163086
0.03914189338684082
0.04282975196838379
0.04608464241027832
0.04411125183105469
0.04856157302856445
0.04392290115356445
0.04747343063354492
0.040225982666015625
0.046044349670410156
0.03333568572998047
0.05040478706359863
0.04382729530334473
0.04197883605957031
0.04383587837219238
0.049463510513305664
0.0426025390625
0.042052268981933594
0.04164695739746094
0.04503440856933594
0.05687236785888672
0.05015921592712402
0.04103970527648926
0.03770256042480469
0.03760933876037598
0.042366981506347656
0.053357601165771484
0.04662203788757324
0.06394624710083008
0.04089927673339844
0.045166730880737305
0.0439763069152832
0.04807305335998535
0.04479551315307617
0.03841853141784668
0.040076494216918945
0.04049372673034668
0.039819955825805664
0.039850473403930664
0.04582333564758301
0.03717613220214844
0.03884124755859375
0.03824257850646973
0.03621172904968262
0.03935098648071289
0.04647350311279297
0.04064011573791504
0.04545712471008301
0.04003310203552246
0.05588841438293457
0.041397809982299805
0.04387164115905762
0.04353141784667969
0.03948545455932617
0.036451101303100586
0.04361605644226074
0.044318199157714844
0.0390772819519043
0.059157371520996094
0.0384521484375
0.036364078521728516
0.03554797172546387
0.03546762466430664
0.05428910255432129
0.0489349365234375
0.04669189453125
0.04823470115661621
0.04880213737487793
0.04370760917663574
0.04923892021179199
0.03788137435913086
0.04234719276428223
0.0491182804107666
0.04299664497375488
0.05628395080566406
0.053081512451171875
0.03848886489868164
0.038866281509399414
0.04957771301269531
0.04787588119506836
0.045450687408447266
0.0489504337310791
0.051210641860961914
0.03917646408081055
0.05032062530517578
0.04994845390319824
0.042587995529174805
0.0422210693359375
0.0480046272277832
0.05060601234436035
0.04959464073181152
0.05471062660217285
0.04948306083679199
0.04307818412780762
0.048836708068847656
0.051370859146118164
0.037409067153930664
0.05066728591918945
0.040982961654663086
0.04185175895690918
0.04871630668640137
0.04688286781311035
0.052019357681274414
0.05322980880737305
0.04441404342651367
0.0461277961730957
0.04587435722351074
0.04541826248168945
0.040549516677856445
0.05103731155395508
0.045165061950683594
0.0393221378326416
0.041390419006347656
0.04043006896972656
0.048279762268066406
0.04389524459838867
0.0559842586517334
0.050148963928222656
0.038724660873413086
0.04302811622619629
0.037621498107910156
0.037123680114746094
0.040090322494506836
0.04069232940673828
0.038884639739990234
0.0418701171875
0.04223299026489258
0.045952558517456055
0.04200482368469238
0.04163026809692383
0.044600486755371094
0.05454683303833008
0.04013419151306152
0.05013704299926758
0.0444798469543457
0.045433759689331055
0.05066633224487305
0.048076629638671875
0.04134559631347656
0.050194740295410156
0.048058271408081055
0.05080890655517578
0.04521059989929199
0.0498049259185791
0.04602956771850586
0.043096065521240234
0.04396843910217285
0.03977656364440918
0.050809383392333984
0.05208253860473633
0.044090986251831055
0.05294966697692871
0.051396846771240234
0.03974199295043945
0.04232215881347656
0.05322265625
0.03999733924865723
0.05379509925842285
0.04402470588684082
0.043808937072753906
0.055925846099853516
0.048572540283203125
0.04548764228820801
0.04854297637939453
0.048195838928222656
0.042797088623046875
0.059326887130737305
0.03729367256164551
0.044281721115112305
0.04460859298706055
0.05039668083190918
0.041631460189819336
0.040154218673706055
0.04415106773376465
0.055330514907836914
0.044129371643066406
0.04554319381713867
0.043401241302490234
0.03699469566345215
0.04814028739929199
0.05173778533935547
0.03936147689819336
0.04906725883483887
0.0523533821105957
0.0450286865234375
0.0485992431640625
0.043405771255493164
0.0452876091003418
0.049623966217041016
0.04157447814941406
0.041648149490356445
0.05068182945251465
0.043831825256347656
0.04672884941101074
0.03594207763671875
0.05103445053100586
0.044416189193725586
0.05589914321899414
0.04503178596496582
0.04755401611328125
0.04147648811340332
0.04850935935974121
0.05502486228942871
0.049381256103515625
0.049262046813964844
0.048412322998046875
0.04663991928100586
0.04496932029724121
0.04633617401123047
0.04328179359436035
0.05083513259887695
0.048715829849243164
0.05449032783508301
0.05379319190979004
0.05389881134033203
0.04001259803771973
0.04819679260253906
0.04086565971374512
0.04910469055175781
0.040360450744628906
0.05666828155517578
0.04307913780212402
0.043747663497924805
0.050466060638427734
0.0514683723449707
0.047989845275878906
0.05445075035095215
0.046793460845947266
0.0485687255859375
0.053897857666015625
0.043529510498046875
0.04679369926452637
0.055872440338134766
0.039163827896118164
0.05534529685974121
0.046181678771972656
0.04456472396850586
0.05827641487121582
0.048276424407958984
0.04024457931518555
0.04363107681274414
0.03922772407531738
0.04574918746948242
0.05308723449707031
0.04807639122009277
0.04800844192504883
0.048544883728027344
0.047022342681884766
0.052210092544555664
0.04108548164367676
0.047212839126586914
0.053965091705322266
0.04995155334472656
0.04764056205749512
0.03513932228088379
0.04794907569885254
0.047662973403930664
0.04094076156616211
0.04413151741027832
0.0434718132019043
0.04059267044067383
0.04475665092468262
0.04354667663574219
0.04821372032165527
0.04932975769042969
0.05283308029174805
0.04613757133483887
0.05008101463317871
0.048226118087768555
0.04625868797302246
0.047727346420288086
0.051908016204833984
0.051718950271606445
0.048456430435180664
0.05819439888000488
0.04352259635925293
0.04323601722717285
0.05552387237548828
0.04579281806945801
0.04247784614562988
0.04665827751159668
0.05098867416381836
0.04373335838317871
0.05176377296447754
0.05002593994140625
0.04830217361450195
0.044321298599243164
0.05366659164428711
0.048653602600097656
0.04314017295837402
0.0428614616394043
0.04760861396789551
0.04681062698364258
0.055084228515625
0.04617428779602051
0.04907369613647461
0.0495760440826416
0.051278114318847656
0.0426630973815918
0.041959285736083984
0.03809022903442383
0.047918081283569336
0.04388689994812012
0.05188751220703125
0.043265581130981445
0.04326272010803223
0.039455413818359375
0.03948092460632324
0.05707836151123047
0.04835176467895508
0.047155141830444336
0.05271553993225098
0.05220532417297363
0.04485821723937988
0.04511117935180664
0.0518796443939209
0.042405128479003906
0.05443120002746582
0.04853200912475586
0.0558924674987793
0.049459218978881836
0.04239678382873535
0.04234600067138672
0.05677175521850586
0.04720473289489746
0.045145511627197266
0.04868054389953613
0.049001216888427734
0.05689120292663574
0.04523420333862305
0.0431516170501709
0.052526235580444336
0.050774335861206055
0.04392552375793457
0.04930758476257324
0.047051429748535156
0.045702219009399414
0.04733395576477051
0.03378129005432129
0.04391765594482422
0.050983428955078125
0.04651904106140137
0.0474853515625
0.03947925567626953
0.04417777061462402
0.053400516510009766
0.04956650733947754
0.04781532287597656
0.046172142028808594
0.05343222618103027
0.046382904052734375
0.04208540916442871
0.046875715255737305
0.047180891036987305
0.047945499420166016
0.0474095344543457
0.04485058784484863
0.0409388542175293
0.05466961860656738
0.05445098876953125
0.04267740249633789
0.051488399505615234
0.051459550857543945
0.050382375717163086
0.043230295181274414
0.04387092590332031
0.05596041679382324
0.04790830612182617
0.044187068939208984
0.04694414138793945
0.041919708251953125
0.04980945587158203
0.04744672775268555
0.0525205135345459
0.045835018157958984
0.050240278244018555
0.05260014533996582
0.04863858222961426
0.04555249214172363
0.05269598960876465
0.048993825912475586
0.05611276626586914
0.04339718818664551
0.04792308807373047
0.04472637176513672
0.039312124252319336
0.04591655731201172
0.04333162307739258
0.04455113410949707
0.046613216400146484
0.04158830642700195
0.04665660858154297
0.049777984619140625
0.048081159591674805
0.04900527000427246
0.055367231369018555
0.04077315330505371
0.04714155197143555
0.03291797637939453
0.04873538017272949
0.04432415962219238
0.04615330696105957
0.04756569862365723
0.043784379959106445
0.044080495834350586
0.05391240119934082
0.04534125328063965
0.05139589309692383
0.05205821990966797
0.04240679740905762
0.04158592224121094
0.03859996795654297
0.04564499855041504
0.05148053169250488
0.048392534255981445
0.04530811309814453
0.04315924644470215
0.042380571365356445
0.04526853561401367
0.04445600509643555
0.040318965911865234
0.0437016487121582
0.045490264892578125
0.043733835220336914
0.05293989181518555
0.04430341720581055
0.04171419143676758
0.05312633514404297
0.04805159568786621
0.04610800743103027
0.049836158752441406
0.046781063079833984
0.046877384185791016
0.05568194389343262
0.05038189888000488
0.047994375228881836
0.04475736618041992
0.04515528678894043
0.050160884857177734
0.04544949531555176
0.04811263084411621
0.043942928314208984
0.045884132385253906
0.05216073989868164
0.047281503677368164
0.04759359359741211
0.050966501235961914
0.054616689682006836
0.05204629898071289
0.05491232872009277
0.05341768264770508
0.053520917892456055
0.05061793327331543
0.05005383491516113
0.04563760757446289
0.04535055160522461
0.049347877502441406
0.044827938079833984
0.04991602897644043
0.05242586135864258
0.038648128509521484
0.04147005081176758
0.05567193031311035
0.04092669486999512
0.04110097885131836
0.044011831283569336
0.043335676193237305
0.039319515228271484
0.04545021057128906
0.0522000789642334
0.05845284461975098
0.04865241050720215
0.04636216163635254
0.039556026458740234
0.04730725288391113
0.03887629508972168
0.03946328163146973
0.04585576057434082
0.045098066329956055
0.04523324966430664
0.04985618591308594
0.044060468673706055
0.04472160339355469
0.04160809516906738
0.05065417289733887
0.051529884338378906
0.046723127365112305
0.04462599754333496
0.04232025146484375
0.04349994659423828
0.04599714279174805
0.052536964416503906
0.04483842849731445
0.04266929626464844
0.048983097076416016
0.03355216979980469
0.048364877700805664
0.045853376388549805
0.0496830940246582
0.04922199249267578
0.04396653175354004
0.04747962951660156
0.05816245079040527
0.051357269287109375
0.04802966117858887
0.052500247955322266
0.0463566780090332
0.04775071144104004
0.04921746253967285
0.04527688026428223
0.04171586036682129
0.043996572494506836
0.049484968185424805
0.0417027473449707
0.04199790954589844
0.04877805709838867
0.03640174865722656
0.035199880599975586
0.03795599937438965
0.0381929874420166
0.04600644111633301
0.040760040283203125
0.04741621017456055
0.04466676712036133
0.04259157180786133
0.041239261627197266
0.04250359535217285
0.044686079025268555
0.04176974296569824
0.04155468940734863
0.03897380828857422
0.04442572593688965
0.04497098922729492
0.043956756591796875
0.04196596145629883
0.03995180130004883
0.04030632972717285
0.0468754768371582
0.04519176483154297
0.04023003578186035
0.051278114318847656
0.04678225517272949
0.037476301193237305
0.05158543586730957
0.04050493240356445
0.044363975524902344
0.04877591133117676
0.040370941162109375
0.04329395294189453
0.04174494743347168
0.04162120819091797
0.05234479904174805
0.04189157485961914
0.046797752380371094
0.04133486747741699
0.04359602928161621
0.04484438896179199
0.04908466339111328
0.04557371139526367
0.04393124580383301
0.04582548141479492
0.04920053482055664
0.04249453544616699
0.043631553649902344
0.0403141975402832
0.04383111000061035
0.047220468521118164
0.04804563522338867
0.043297767639160156
0.046773433685302734
0.04842782020568848
0.04284358024597168
0.0396270751953125
0.0404515266418457
0.05175447463989258
0.04588127136230469
0.04564952850341797
0.05439949035644531
0.041015625
0.04370737075805664
0.04947996139526367
0.03924083709716797
0.04208230972290039
0.05253481864929199
0.050408363342285156
0.0478663444519043
0.04408001899719238
0.05135083198547363
0.04293632507324219
0.05277061462402344
0.04694533348083496
0.05394864082336426
0.04526352882385254
0.04182720184326172
0.04148125648498535
0.045120954513549805
0.043637752532958984
0.03969383239746094
0.04642438888549805
0.04211139678955078
0.037599802017211914
0.05589485168457031
0.03356289863586426
0.0473332405090332
0.04846763610839844
0.04784059524536133
0.05718851089477539
0.048195600509643555
0.05820941925048828
0.04482889175415039
0.047066688537597656
0.04569673538208008
0.04132437705993652
0.045790910720825195
0.04820132255554199
0.03545022010803223
0.044181108474731445
0.04632830619812012
0.05340290069580078
0.04952883720397949
0.05034351348876953
0.048635005950927734
0.04471182823181152
0.05745410919189453
0.042729854583740234
0.057413578033447266
0.04854702949523926
0.05184483528137207
0.04987931251525879
0.052326202392578125
0.04363393783569336
0.04491019248962402
0.05549049377441406
0.0403444766998291
0.04450535774230957
0.05371499061584473
0.04391217231750488
0.044037818908691406
0.052941322326660156
0.0479886531829834
0.05548596382141113
0.041930437088012695
0.042145490646362305
0.04667782783508301
0.04537606239318848
0.043573617935180664
0.042032480239868164
0.044912099838256836
0.04473757743835449
0.04830646514892578
0.04393649101257324
0.04165005683898926
0.0503237247467041
0.03329730033874512
0.045491933822631836
0.041416168212890625
0.04637908935546875
0.044019460678100586
0.05724477767944336
0.03649759292602539
0.037155866622924805
0.03643226623535156
0.050058603286743164
0.054367780685424805
0.06035256385803223
0.06137514114379883
0.04904007911682129
0.03945803642272949
0.04182791709899902
0.0433351993560791
0.04240250587463379
0.0599217414855957
0.04460787773132324
0.04814028739929199
0.05424165725708008
0.0471949577331543
0.0451359748840332
0.04179549217224121
0.04041433334350586
0.0615234375
0.04762697219848633
0.04998016357421875
0.05509638786315918
0.04119253158569336
0.04552769660949707
0.03854203224182129
0.04984641075134277
0.04470014572143555
0.0545954704284668
0.04114055633544922
0.04388928413391113
0.0463407039642334
0.04460930824279785
0.05146074295043945
0.04774832725524902
0.04598069190979004
0.04529118537902832
0.052454233169555664
0.03954267501831055
0.04134488105773926
0.051283836364746094
0.03902578353881836
0.04481697082519531
0.04866385459899902
0.04499697685241699
0.05502772331237793
0.04789257049560547
0.04305911064147949
0.05134940147399902
0.042342185974121094
0.04413127899169922
0.04416537284851074
0.0416254997253418
0.04314398765563965
0.056899070739746094
0.04602980613708496
0.05189800262451172
0.03979849815368652
0.04013633728027344
0.03941965103149414
0.04678153991699219
0.04391622543334961
0.04706907272338867
0.05228996276855469
0.05763578414916992
0.04751443862915039
0.04464292526245117
0.04702448844909668
0.0390477180480957
0.04518747329711914
0.05075812339782715
0.045790672302246094
0.04232430458068848
0.05597996711730957
0.057828426361083984
0.044292449951171875
0.05107831954956055
0.04912114143371582
0.05035138130187988
0.04854226112365723
0.038365840911865234
0.05101799964904785
0.040482521057128906
0.04228663444519043
0.044490814208984375
0.045136451721191406
0.0475308895111084
0.05360746383666992
0.048590898513793945
0.04517650604248047
0.05505204200744629
0.054688215255737305
0.048105716705322266
0.04413247108459473
0.049422264099121094
0.050919294357299805
0.04369664192199707
0.04641151428222656
0.039975643157958984
0.04390072822570801
0.0464777946472168
0.04266667366027832
0.05240774154663086
0.05456948280334473
0.05249834060668945
0.044525861740112305
0.0500178337097168
0.04607033729553223
0.052664995193481445
0.050684452056884766
0.047127485275268555
0.04177069664001465
0.04451918601989746
0.04294300079345703
0.05502629280090332
0.04538083076477051
0.04865527153015137
0.0567011833190918
0.045606136322021484
0.040467023849487305
0.045287132263183594
0.06128430366516113
0.049662113189697266
0.03521871566772461
0.052515268325805664
0.04811215400695801
0.04280662536621094
0.04231905937194824
0.05390167236328125
0.047942161560058594
0.047763824462890625
0.05373525619506836
0.04796886444091797
0.046278953552246094
0.05271172523498535
0.04467940330505371
0.04382801055908203
0.04521489143371582
0.04133915901184082
0.054503679275512695
0.04686260223388672
0.050907135009765625
0.044115543365478516
0.03809046745300293
0.04420328140258789
0.050889015197753906
0.04654526710510254
0.049176931381225586
0.045006513595581055
0.04976701736450195
0.04858040809631348
0.04860329627990723
0.0460209846496582
0.047853708267211914
0.04201984405517578
0.04418182373046875
0.03539896011352539
0.04298567771911621
0.04452681541442871
0.0518648624420166
0.04961514472961426
0.04436683654785156
0.05683469772338867
0.04615449905395508
0.04072284698486328
0.04332709312438965
0.048123836517333984
0.04600167274475098
0.04412102699279785
0.03845834732055664
0.04925179481506348
0.05643820762634277
0.04141974449157715
0.04956340789794922
0.054734230041503906
0.041853904724121094
0.04568028450012207
0.041193485260009766
0.03852987289428711
0.042090415954589844
0.04815530776977539
0.04065370559692383
0.0387420654296875
0.0480647087097168
0.04943513870239258
0.057848215103149414
0.04593658447265625
0.04379868507385254
0.051892995834350586
0.0435328483581543
0.04549717903137207
0.045281171798706055
0.04613518714904785
0.04738903045654297
0.049062490463256836
0.045252323150634766
0.04555106163024902
0.050824880599975586
0.04585695266723633
0.05104184150695801
0.047902584075927734
0.05153465270996094
0.04180169105529785
0.04272294044494629
0.0466313362121582
0.04081320762634277
0.042227745056152344
0.0438385009765625
0.04573774337768555
0.040708303451538086
0.054712772369384766
0.05014538764953613
0.04543471336364746
0.04505300521850586
0.037792205810546875
0.04277920722961426
0.04252910614013672
0.04355740547180176
0.04120039939880371
0.03911852836608887
0.038055419921875
0.05064868927001953
0.04645991325378418
0.05391836166381836
0.04575800895690918
0.04976701736450195
0.054052114486694336
0.0497283935546875
0.0546269416809082
0.040313720703125
0.04180455207824707
0.05265927314758301
0.04809999465942383
0.04194831848144531
0.048664093017578125
0.04850029945373535
0.042348623275756836
0.044786691665649414
0.0484919548034668
0.049085140228271484
0.04532909393310547
0.05644345283508301
0.05207085609436035
0.05345320701599121
0.04664492607116699
0.05360078811645508
0.04604506492614746
0.05396461486816406
0.04881572723388672
0.04626321792602539
0.040405988693237305
0.04713702201843262
0.03946948051452637
0.04938316345214844
0.04310154914855957
0.03624248504638672
0.05673527717590332
0.05685305595397949
0.05659079551696777
0.050769805908203125
0.04456520080566406
0.05913877487182617
0.045244455337524414
0.04440474510192871
0.045975685119628906
0.047362565994262695
0.04578566551208496
0.04560589790344238
0.04216933250427246
0.047794342041015625
0.054273128509521484
0.047034263610839844
0.04833674430847168
0.04505109786987305
0.04441428184509277
0.04741477966308594
0.046875953674316406
0.04191923141479492
0.04572868347167969
0.061322689056396484
0.03892159461975098
0.04267382621765137
0.0422053337097168
0.04704737663269043
0.05185127258300781
0.04503154754638672
0.046005964279174805
0.04413104057312012
0.045467376708984375
0.0498812198638916
0.046587467193603516
0.050049543380737305
0.04832029342651367
0.0384974479675293
0.041837453842163086
0.03966212272644043
0.04591012001037598
0.043917179107666016
0.04645347595214844
0.0483250617980957
0.04592108726501465
0.04672956466674805
0.04494786262512207
0.04756784439086914
0.048334360122680664
0.04487037658691406
0.03708910942077637
0.04727935791015625
0.04701519012451172
0.04069113731384277
0.05171394348144531
0.04855632781982422
0.047614097595214844
0.04902386665344238
0.04473519325256348
0.04538130760192871
0.05062127113342285
0.05489993095397949
0.04481768608093262
0.0490412712097168
0.038552284240722656
0.05448031425476074
0.046030282974243164
0.0458526611328125
0.04044318199157715
0.04883432388305664
0.047158241271972656
0.05239057540893555
0.04751443862915039
0.041025400161743164
0.047293663024902344
0.0464780330657959
0.045523881912231445
0.04567360877990723
0.042821645736694336
0.045488834381103516
0.05713057518005371
0.053056955337524414
0.05290675163269043
0.04140162467956543
0.041440725326538086
0.04671669006347656
0.051190853118896484
0.04502511024475098
0.04665851593017578
0.051671504974365234
0.05017900466918945
0.04275870323181152
0.048001766204833984
0.049083709716796875
0.060776710510253906
0.046736955642700195
0.03347897529602051
0.04992246627807617
0.05194544792175293
0.0440373420715332
0.05583953857421875
0.0462651252746582
0.044977426528930664
0.05206131935119629
0.045392513275146484
0.048241615295410156
0.04734444618225098
0.045356035232543945
0.060234785079956055
0.04696178436279297
0.05065655708312988
0.05029559135437012
0.04100489616394043
0.045768022537231445
0.04862260818481445
0.044116973876953125
0.03910517692565918
0.049002885818481445
0.0511324405670166
0.05614805221557617
0.04596972465515137
0.04641604423522949
0.04670906066894531
0.047655344009399414
0.04924345016479492
0.04492998123168945
0.04872918128967285
0.04395627975463867
0.04389786720275879
0.0402369499206543
0.043206214904785156
0.0476076602935791
0.056244611740112305
0.039411067962646484
0.04696226119995117
0.050734758377075195
0.04477667808532715
0.05065178871154785
0.049692392349243164
0.05191326141357422
0.047653913497924805
0.040863752365112305
0.05080723762512207
0.045825958251953125
0.04836273193359375
0.04819321632385254
0.04541206359863281
0.04333901405334473
0.0447840690612793
0.04577159881591797
0.049811363220214844
0.044043540954589844
0.050882577896118164
0.04537391662597656
0.04298210144042969
0.040244340896606445
0.053612709045410156
0.04670262336730957
0.041527748107910156
0.03938436508178711
0.05098414421081543
0.05239129066467285
0.05172133445739746
0.042682647705078125
0.051105499267578125
0.05164313316345215
0.04765176773071289
0.0455324649810791
0.03860330581665039
0.043085336685180664
0.0440824031829834
0.04403233528137207
0.04416799545288086
0.05237412452697754
0.04801321029663086
0.05218768119812012
0.04614901542663574
0.04611039161682129
0.056967973709106445
0.043596744537353516
0.04434609413146973
0.04160594940185547
0.04327130317687988
0.05023956298828125
0.046549081802368164
0.04656219482421875
0.05478048324584961
0.050862789154052734
0.045400142669677734
0.044806480407714844
0.04311251640319824
0.04533672332763672
0.04180765151977539
0.044634103775024414
0.04050564765930176
0.04806923866271973
0.043612003326416016
0.05000925064086914
0.05225563049316406
0.03612256050109863
0.047951459884643555
0.035986900329589844
0.0455780029296875
0.04115462303161621
0.03745436668395996
0.03667855262756348
0.03883814811706543
0.0376126766204834
0.04583406448364258
0.05260777473449707
0.04576730728149414
0.0471343994140625
0.048682451248168945
0.05280351638793945
0.04720187187194824
0.04324007034301758
0.0531618595123291
0.04774141311645508
0.055609941482543945
0.04040074348449707
0.042604684829711914
0.0401616096496582
0.04247784614562988
0.04436039924621582
0.046761274337768555
0.03840804100036621
0.0364382266998291
0.052030324935913086
0.04784512519836426
0.04713249206542969
0.04935169219970703
0.0491182804107666
0.0509035587310791
0.04977917671203613
0.044126033782958984
0.040776968002319336
0.05004692077636719
0.04672741889953613
0.048615217208862305
0.049700021743774414
0.036543846130371094
0.05115818977355957
0.042299747467041016
0.045435428619384766
0.03957843780517578
0.04633641242980957
0.03780722618103027
0.04632401466369629
0.04982948303222656
0.046675920486450195
0.04086613655090332
0.04132986068725586
0.043648719787597656
0.03391456604003906
0.04126095771789551
0.05117487907409668
0.04163050651550293
0.04678177833557129
0.04517483711242676
0.04008078575134277
0.038262128829956055
0.046330928802490234
0.037058353424072266
0.04055905342102051
0.04527425765991211
0.04223227500915527
0.03924369812011719
0.05324697494506836
0.05422019958496094
0.05000019073486328
0.05567502975463867
0.047173261642456055
0.04809927940368652
0.04512953758239746
0.055474042892456055
0.04117441177368164
0.037682294845581055
0.03881573677062988
0.04486584663391113
0.04636240005493164
0.050514936447143555
0.05050063133239746
0.043524980545043945
0.04651498794555664
0.040927886962890625
0.03788614273071289
0.040198564529418945
0.037055253982543945
0.04105710983276367
0.03989005088806152
0.04659533500671387
0.04367232322692871
0.053431034088134766
0.05010581016540527
0.05035138130187988
0.048362016677856445
0.04706144332885742
0.0484464168548584
0.04434800148010254
0.04365038871765137
0.04076576232910156
0.05580759048461914
0.040585994720458984
0.040743112564086914
0.04071521759033203
0.050394296646118164
0.05268669128417969
0.049906253814697266
0.04872870445251465
0.04073166847229004
0.039237022399902344
0.04906320571899414
0.043450355529785156
0.05391955375671387
0.050843238830566406
0.045406341552734375
0.04345130920410156
0.04914069175720215
0.05254817008972168
0.03627204895019531
0.042934417724609375
0.054218292236328125
0.04414248466491699
0.052337646484375
0.057549238204956055
0.03647661209106445
0.04192519187927246
0.04121565818786621
0.03879833221435547
0.04842400550842285
0.041489601135253906
0.04531574249267578
0.04719376564025879
0.04055666923522949
0.041233062744140625
0.04388165473937988
0.0422060489654541
0.04053807258605957
0.03778505325317383
0.05090785026550293
0.04694366455078125
0.046904563903808594
0.0451352596282959
0.04492020606994629
0.0475764274597168
0.047025442123413086
0.052486419677734375
0.06123781204223633
0.04490518569946289
0.041213274002075195
0.04610490798950195
0.04510140419006348
0.04123973846435547
0.040634870529174805
0.04901552200317383
0.048616886138916016
0.03661489486694336
0.05318450927734375
0.049364566802978516
0.04380226135253906
0.05299878120422363
0.05029106140136719
0.046180009841918945
0.05115485191345215
0.04611682891845703
0.04950356483459473
0.050245046615600586
0.04642605781555176
0.051213979721069336
0.04094386100769043
0.048264503479003906
0.04529619216918945
0.04777216911315918
0.04715704917907715
0.05611920356750488
