[0.5625, 0.48750000000000004, 0.46875, 0.46875, 0.5062500000000001, 0.5062500000000001, 0.5062500000000001, 0.525, 0.5062500000000001, 0.48750000000000004, 0.58125, 0.6, 0.58125, 0.525, 0.525, 0.46875, 0.525, 0.525, 0.525, 0.5062500000000001, 0.5062500000000001, 0.525, 0.5062500000000001, 0.54375, 0.525, 0.525, 0.54375, 0.6, 0.525, 0.5625, 0.58125, 0.58125, 0.65625, 0.7125, 0.80625, 0.7687499999999999, 0.80625, 0.80625, 0.8999999999999999, 0.88125, 0.8999999999999999, 0.825, 0.8625, 0.825, 0.825, 0.7875, 0.7312500000000001, 0.80625, 0.7687499999999999, 0.7312500000000001, 0.65625, 0.6749999999999999, 0.6749999999999999, 0.6749999999999999, 0.6749999999999999, 0.7125, 0.75, 0.7875, 0.825, 0.8999999999999999, 0.91875, 0.99375, 0.9750000000000001, 0.8999999999999999, 0.8999999999999999, 0.91875, 0.91875, 0.9375, 0.8999999999999999, 0.95625, 0.9750000000000001, 1.10625, 1.18125, 1.2, 1.18125, 1.1625, 1.1625, 1.2375, 1.2375, 1.1625]

[0.8625, 0.84375, 0.84375, 0.84375, 0.84375, 0.84375, 0.84375, 0.84375, 0.84375, 0.84375, 0.825, 0.8625, 0.8625, 0.88125, 0.88125, 0.88125, 0.8625, 0.75, 0.58125, 0.48750000000000004, 0.4125, 0.375, 0.39375, 0.375, 0.33749999999999997, 0.3, 0.31875000000000003, 0.35625, 0.39375, 0.4125, 0.375, 0.35625, 0.28125, 0.22499999999999998, 0.1875, 0.1875, 0.15, 0.13125, 0.15, 0.16874999999999998, 0.16874999999999998, 0.16874999999999998, 0.1875, 0.22499999999999998, 0.22499999999999998, 0.20625, 0.20625, 0.24375000000000002, 0.2625, 0.2625, 0.22499999999999998, 0.20625, 0.20625, 0.22499999999999998, 0.22499999999999998, 0.24375000000000002, 0.2625, 0.28125, 0.31875000000000003, 0.375, 0.46875, 0.58125, 0.65625, 0.7312500000000001, 0.7687499999999999, 0.7687499999999999, 0.7687499999999999, 0.75, 0.69375, 0.65625, 0.5625, 0.46875, 0.39375, 0.33749999999999997, 0.28125, 0.22499999999999998, 0.16874999999999998, 0.11249999999999999, 0.056249999999999994, 0.0375]

[0.69375, 0.7125, 0.6, 0.6749999999999999, 0.6375000000000001, 0.61875, 0.69375, 0.69375, 0.7125, 0.61875, 0.58125, 0.525, 0.46875, 0.375, 0.28125, 0.24375000000000002, 0.1875, 0.11249999999999999, 0.075, 0.0375, 0.01875, 0.0, 0.0, 0.0, 0.0, 0.0, 0.0, 0.0, 0.0, 0.0, 0.0, 0.0, 0.0, 0.0, 0.0, 0.0, 0.0, 0.0, 0.0, 0.0, 0.0, 0.0, 0.0, 0.0, 0.0, 0.0, 0.0, 0.0, 0.0, 0.0, 0.0, 0.0, 0.0, 0.0, 0.0, 0.0, 0.0, 0.0, 0.0, 0.0, 0.0, 0.0, 0.0, 0.0, 0.0, 0.0, 0.0, 0.0, 0.0, 0.0, 0.0, 0.0, 0.0, 0.0, 0.0, 0.0, 0.0, 0.0, 0.0, 0.0]

[0.46875, 0.61875, 0.65625, 0.6375000000000001, 0.65625, 0.48750000000000004, 0.6375000000000001, 0.46875, 0.46875, 0.43125, 0.44999999999999996, 0.44999999999999996, 0.4125, 0.43125, 0.46875, 0.48750000000000004, 0.48750000000000004, 0.69375, 0.525, 0.48750000000000004, 0.46875, 0.48750000000000004, 0.48750000000000004, 0.5062500000000001, 0.46875, 0.48750000000000004, 0.5062500000000001, 0.7125, 0.525, 0.54375, 0.525, 0.5062500000000001, 0.46875, 0.46875, 0.44999999999999996, 0.43125, 0.44999999999999996, 0.44999999999999996, 0.44999999999999996, 0.4125, 0.39375, 0.4125, 0.54375, 0.43125, 0.4125, 0.4125, 0.39375, 0.4125, 0.39375, 0.48750000000000004, 0.43125, 0.48750000000000004, 0.48750000000000004, 0.48750000000000004, 0.39375, 0.375, 0.3, 0.35625, 0.3, 0.28125, 0.3, 0.35625, 0.2625, 0.33749999999999997, 0.28125, 0.3, 0.35625, 0.375, 0.33749999999999997, 0.33749999999999997, 0.28125, 0.33749999999999997, 0.31875000000000003, 0.39375, 0.4125, 0.3, 0.35625, 0.31875000000000003, 0.31875000000000003, 0.33749999999999997]

[0.5062500000000001, 0.5062500000000001, 0.46875, 0.5062500000000001, 0.525, 0.5062500000000001, 0.525, 0.5062500000000001, 0.5062500000000001, 0.5062500000000001, 0.525, 0.54375, 0.48750000000000004, 0.54375, 0.5625, 0.58125, 0.58125, 0.6375000000000001, 0.6, 0.6375000000000001, 0.6375000000000001, 0.6375000000000001, 0.65625, 0.61875, 0.6, 0.6749999999999999, 0.65625, 0.6749999999999999, 0.65625, 0.6, 0.58125, 0.44999999999999996, 0.44999999999999996, 0.44999999999999996, 0.4125, 0.39375, 0.43125, 0.5062500000000001, 0.54375, 0.48750000000000004, 0.5062500000000001, 0.48750000000000004, 0.4125, 0.46875, 0.46875, 0.375, 0.48750000000000004, 0.48750000000000004, 0.48750000000000004, 0.48750000000000004, 0.48750000000000004, 0.46875, 0.46875, 0.44999999999999996, 0.43125, 0.43125, 0.46875, 0.4125, 0.44999999999999996, 0.44999999999999996, 0.46875, 0.35625, 0.4125, 0.35625, 0.43125, 0.46875, 0.48750000000000004, 0.44999999999999996, 0.46875, 0.375, 0.35625, 0.375, 0.35625, 0.375, 0.33749999999999997, 0.375, 0.43125, 0.44999999999999996, 0.46875, 0.46875]

[0.4125, 0.39375, 0.375, 0.39375, 0.39375, 0.4125, 0.4125, 0.375, 0.4125, 0.4125, 0.4125, 0.39375, 0.4125, 0.43125, 0.44999999999999996, 0.4125, 0.43125, 0.4125, 0.43125, 0.4125, 0.44999999999999996, 0.46875, 0.43125, 0.46875, 0.48750000000000004, 0.5062500000000001, 0.525, 0.48750000000000004, 0.54375, 0.6, 0.6, 0.6, 0.6, 0.6, 0.5062500000000001, 0.54375, 0.58125, 0.5625, 0.58125, 0.6, 0.5625, 0.58125, 0.5625, 0.54375, 0.54375, 0.54375, 0.54375, 0.6375000000000001, 0.65625, 0.61875, 0.6, 0.6, 0.5625, 0.525, 0.58125, 0.54375, 0.54375, 0.54375, 0.48750000000000004, 0.48750000000000004, 0.48750000000000004, 0.48750000000000004, 0.5062500000000001, 0.5062500000000001, 0.54375, 0.525, 0.54375, 0.5625, 0.5625, 0.54375, 0.5625, 0.54375, 0.54375, 0.54375, 0.54375, 0.54375, 0.525, 0.525, 0.5062500000000001, 0.46875]

[0.54375, 0.54375, 0.6, 0.6, 0.6, 0.58125, 0.6, 0.6, 0.61875, 0.54375, 0.5625, 0.5625, 0.6375000000000001, 0.5625, 0.46875, 0.54375, 0.5625, 0.5625, 0.5625, 0.6, 0.61875, 0.65625, 0.65625, 0.65625, 0.65625, 0.6749999999999999, 0.69375, 0.69375, 0.7312500000000001, 0.7125, 0.7875, 0.7875, 0.825, 0.8625, 0.91875, 0.99375, 1.05, 1.0687499999999999, 1.10625, 1.1625, 1.3312499999999998, 1.65, 1.6875, 1.6875, 1.70625, 1.7999999999999998, 1.8375, 1.8187499999999999, 1.89375, 1.9312500000000001, 1.9312500000000001, 1.8187499999999999, 1.70625, 1.44375, 1.5374999999999999, 1.44375, 1.425, 1.3312499999999998, 1.2375, 1.0687499999999999, 0.99375, 1.0125000000000002, 1.14375, 1.3125, 1.36875, 1.425, 1.4812500000000002, 1.5, 1.3875, 1.3312499999999998, 1.21875, 1.1625, 1.10625, 1.0125000000000002, 0.9750000000000001, 0.9375, 0.88125, 0.8625, 0.80625, 0.7687499999999999]

[0.7125, 0.69375, 0.7125, 0.7125, 0.6749999999999999, 0.69375, 0.7125, 0.69375, 0.7125, 0.7312500000000001, 0.7125, 0.75, 0.80625, 0.7875, 0.80625, 0.88125, 0.8999999999999999, 0.9375, 0.9375, 0.88125, 0.91875, 0.9375, 0.99375, 1.05, 0.99375, 1.125, 1.18125, 1.3499999999999999, 1.40625, 1.2375, 1.2750000000000001, 1.4625000000000001, 1.51875, 1.4812500000000002, 1.4625000000000001, 1.425, 1.3875, 1.425, 1.5, 1.5374999999999999, 1.5374999999999999, 1.6875, 1.65, 1.65, 1.70625, 1.78125, 1.9125, 2.04375, 1.7625, 1.89375, 1.78125, 1.63125, 1.575, 1.65, 1.3875, 1.36875, 1.6125, 1.575, 1.55625, 1.59375, 1.6125, 1.63125, 1.875, 1.8187499999999999, 1.8375, 1.875, 1.85625, 1.9125, 1.9312500000000001, 1.9312500000000001, 1.63125, 1.51875, 1.40625, 1.2375, 1.0687499999999999, 0.9375, 1.14375, 1.2375, 1.25625, 1.3875]

[0.5062500000000001, 0.43125, 0.39375, 0.46875, 0.44999999999999996, 0.6, 0.4125, 0.46875, 0.4125, 0.31875000000000003, 0.33749999999999997, 0.375, 0.33749999999999997, 0.43125, 0.6, 0.525, 0.6, 0.525, 0.6375000000000001, 0.65625, 0.6749999999999999, 0.6375000000000001, 0.6375000000000001, 0.61875, 0.6375000000000001, 0.6749999999999999, 0.6, 0.6375000000000001, 0.6, 0.61875, 0.6, 0.61875, 0.61875, 0.58125, 0.5625, 0.5625, 0.54375, 0.5625, 0.54375, 0.58125, 0.6, 0.6, 0.61875, 0.61875, 0.6375000000000001, 0.6375000000000001, 0.65625, 0.6749999999999999, 0.69375, 0.7125, 0.69375, 0.7312500000000001, 0.7125, 0.7312500000000001, 0.6749999999999999, 0.6749999999999999, 0.65625, 0.65625, 0.6375000000000001, 0.61875, 0.65625, 0.6, 0.6, 0.6749999999999999, 0.69375, 0.69375, 0.7125, 0.7687499999999999, 0.69375, 0.7312500000000001, 0.7312500000000001, 0.6749999999999999, 0.61875, 0.5625, 0.58125, 0.6, 0.61875, 0.6, 0.6, 0.6375000000000001]

[1.2375, 1.2750000000000001, 1.25625, 1.2375, 1.21875, 1.2375, 1.25625, 1.2375, 1.2, 1.21875, 1.14375, 1.0875, 1.03125, 1.05, 1.0687499999999999, 1.0125000000000002, 0.88125, 0.8999999999999999, 0.84375, 0.825, 0.6, 0.33749999999999997, 0.3, 0.33749999999999997, 0.39375, 0.31875000000000003, 0.33749999999999997, 0.375, 0.28125, 0.35625, 0.3, 0.24375000000000002, 0.24375000000000002, 0.2625, 0.2625, 0.28125, 0.3, 0.3, 0.28125, 0.28125, 0.22499999999999998, 0.1875, 0.3, 0.3, 0.3, 0.28125, 0.28125, 0.28125, 0.3, 0.28125, 0.31875000000000003, 0.28125, 0.28125, 0.31875000000000003, 0.33749999999999997, 0.3, 0.33749999999999997, 0.375, 0.35625, 0.375, 0.39375, 0.35625, 0.375, 0.39375, 0.3, 0.375, 0.4125, 0.39375, 0.39375, 0.375, 0.43125, 0.375, 0.44999999999999996, 0.43125, 0.44999999999999996, 0.46875, 0.54375, 0.5625, 0.58125, 0.58125]

[1.0125000000000002, 0.99375, 1.0125000000000002, 0.9750000000000001, 0.9375, 0.9375, 0.9375, 0.9375, 0.9375, 0.88125, 0.88125, 0.84375, 0.80625, 0.7312500000000001, 0.6749999999999999, 0.65625, 0.65625, 0.61875, 0.6, 0.5625, 0.54375, 0.48750000000000004, 0.46875, 0.48750000000000004, 0.5062500000000001, 0.44999999999999996, 0.43125, 0.4125, 0.39375, 0.375, 0.375, 0.35625, 0.35625, 0.33749999999999997, 0.375, 0.35625, 0.43125, 0.375, 0.375, 0.35625, 0.375, 0.4125, 0.4125, 0.46875, 0.44999999999999996, 0.5062500000000001, 0.61875, 0.7312500000000001, 0.825, 0.9375, 1.0125000000000002, 1.03125, 1.05, 1.14375, 1.21875, 1.40625, 1.36875, 1.0875, 1.05, 1.03125, 1.10625, 1.18125, 1.125, 1.0875, 1.0125000000000002, 0.95625, 0.95625, 0.95625, 0.9750000000000001, 0.99375, 0.99375, 0.9750000000000001, 0.95625, 0.8999999999999999, 0.825, 0.825, 0.8625, 0.8999999999999999, 0.9750000000000001, 1.03125]

[0.80625, 0.80625, 0.80625, 0.7875, 0.7687499999999999, 0.7687499999999999, 0.75, 0.75, 0.7312500000000001, 0.7125, 0.7125, 0.65625, 0.58125, 0.5062500000000001, 0.46875, 0.54375, 0.61875, 0.6749999999999999, 0.7125, 0.7312500000000001, 0.75, 0.75, 0.7312500000000001, 0.69375, 0.69375, 0.7125, 0.75, 0.825, 0.88125, 0.8999999999999999, 0.91875, 0.99375, 1.0875, 1.1625, 1.18125, 1.14375, 1.125, 1.0687499999999999, 1.03125, 0.99375, 0.95625, 0.9375, 0.95625, 1.0125000000000002, 0.99375, 0.9750000000000001, 0.9375, 0.88125, 0.84375, 0.7875, 0.7687499999999999, 0.75, 0.69375, 0.6, 0.5062500000000001, 0.33749999999999997, 0.28125, 0.20625, 0.15, 0.11249999999999999, 0.09375, 0.09375, 0.09375, 0.056249999999999994, 0.075, 0.09375, 0.11249999999999999, 0.11249999999999999, 0.11249999999999999, 0.15, 0.22499999999999998, 0.28125, 0.3, 0.31875000000000003, 0.39375, 0.48750000000000004, 0.58125, 0.65625, 0.7312500000000001, 0.7875]

[0.75, 0.7687499999999999, 0.825, 0.75, 0.75, 0.7312500000000001, 0.7875, 0.7312500000000001, 0.7125, 0.7312500000000001, 0.80625, 0.80625, 0.825, 0.88125, 0.9750000000000001, 1.0125000000000002, 1.03125, 1.03125, 1.03125, 1.0125000000000002, 1.03125, 1.0687499999999999, 1.0687499999999999, 1.0687499999999999, 1.0875, 1.0875, 1.0687499999999999, 1.0687499999999999, 1.0687499999999999, 1.03125, 1.03125, 0.99375, 0.91875, 0.8625, 0.80625, 0.7875, 0.80625, 0.88125, 0.9375, 0.8999999999999999, 0.84375, 0.75, 0.5625, 0.5062500000000001, 0.43125, 0.375, 0.375, 0.43125, 0.46875, 0.5625, 0.65625, 0.65625, 0.7312500000000001, 0.8625, 0.99375, 1.03125, 1.0687499999999999, 1.0125000000000002, 1.03125, 1.0125000000000002, 0.99375, 0.91875, 0.84375, 0.75, 0.7125, 0.7125, 0.7125, 0.75, 0.7312500000000001, 0.75, 0.7875, 0.6749999999999999, 0.6375000000000001, 0.6375000000000001, 0.7125, 0.6749999999999999, 0.69375, 0.6375000000000001, 0.6749999999999999, 0.7312500000000001]

[0.43125, 0.39375, 0.44999999999999996, 0.46875, 0.44999999999999996, 0.48750000000000004, 0.43125, 0.39375, 0.44999999999999996, 0.525, 0.525, 0.58125, 0.61875, 0.61875, 0.65625, 0.7125, 0.7125, 0.69375, 0.69375, 0.6749999999999999, 0.6375000000000001, 0.6375000000000001, 0.61875, 0.6, 0.6, 0.5625, 0.5625, 0.525, 0.54375, 0.6, 0.6375000000000001, 0.6, 0.6375000000000001, 0.6749999999999999, 0.7125, 0.75, 0.8625, 1.0125000000000002, 1.0687499999999999, 1.10625, 1.125, 1.14375, 1.0687499999999999, 0.9750000000000001, 0.88125, 0.80625, 0.7875, 0.80625, 0.84375, 0.84375, 0.84375, 0.825, 0.7312500000000001, 0.6375000000000001, 0.6, 0.6, 0.54375, 0.525, 0.58125, 0.6, 0.525, 0.375, 0.2625, 0.1875, 0.16874999999999998, 0.20625, 0.24375000000000002, 0.2625, 0.31875000000000003, 0.375, 0.39375, 0.33749999999999997, 0.22499999999999998, 0.16874999999999998, 0.15, 0.15, 0.13125, 0.11249999999999999, 0.11249999999999999, 0.11249999999999999]

[0.8625, 0.8999999999999999, 0.99375, 0.95625, 0.95625, 0.95625, 0.9375, 1.0125000000000002, 1.05, 1.1625, 1.3125, 1.425, 1.5, 1.55625, 1.6125, 1.63125, 1.6125, 1.55625, 1.59375, 1.55625, 1.55625, 1.59375, 1.66875, 1.6875, 1.7437500000000001, 1.8375, 1.89375, 1.9125, 2.00625, 1.96875, 1.875, 1.7999999999999998, 1.78125, 1.8375, 1.8375, 1.89375, 1.875, 1.9125, 1.89375, 1.9125, 1.9312500000000001, 1.96875, 1.9875, 2.0250000000000004, 2.0625, 2.1, 2.11875, 2.15625, 2.2312499999999997, 2.175, 2.1, 2.0625, 2.0625, 2.00625, 1.9125, 1.8187499999999999, 1.725, 1.70625, 1.63125, 1.63125, 1.7437500000000001, 1.78125, 1.66875, 1.4812500000000002, 1.3312499999999998, 1.2750000000000001, 1.25625, 1.18125, 0.9750000000000001, 0.91875, 0.7875, 0.825, 0.84375, 0.80625, 0.7687499999999999, 0.6749999999999999, 0.6749999999999999, 0.6749999999999999, 0.6749999999999999, 0.69375]

[0.35625, 0.375, 0.35625, 0.375, 0.33749999999999997, 0.35625, 0.33749999999999997, 0.33749999999999997, 0.39375, 0.39375, 0.43125, 0.61875, 0.5062500000000001, 0.54375, 0.54375, 0.48750000000000004, 0.48750000000000004, 0.5062500000000001, 0.48750000000000004, 0.48750000000000004, 0.69375, 0.69375, 0.54375, 0.7125, 0.58125, 0.58125, 0.525, 0.5625, 0.58125, 0.6375000000000001, 0.6375000000000001, 0.65625, 0.5625, 0.61875, 0.61875, 0.58125, 0.54375, 0.5625, 0.525, 0.6749999999999999, 0.7312500000000001, 0.84375, 0.7687499999999999, 0.75, 0.7312500000000001, 0.6749999999999999, 0.6, 0.48750000000000004, 0.58125, 0.7312500000000001, 0.65625, 0.6749999999999999, 0.75, 0.91875, 0.9375, 0.9375, 0.9375, 0.8625, 0.91875, 0.9750000000000001, 0.99375, 1.18125, 1.2375, 1.05, 1.2, 1.3499999999999999, 1.4812500000000002, 1.55625, 1.66875, 1.78125, 1.78125, 1.875, 1.85625, 1.85625, 1.8375, 1.85625, 1.8187499999999999, 1.89375, 1.9125, 1.9500000000000002]

[0.8625, 0.84375, 0.8625, 0.84375, 0.8625, 0.84375, 0.84375, 0.84375, 0.825, 0.7875, 0.7687499999999999, 0.825, 0.825, 0.825, 0.825, 0.80625, 0.7687499999999999, 0.7687499999999999, 0.7687499999999999, 0.7312500000000001, 0.7312500000000001, 0.7312500000000001, 0.7312500000000001, 0.61875, 0.6, 0.65625, 0.69375, 0.58125, 0.7875, 0.7875, 0.75, 0.80625, 0.825, 0.80625, 0.80625, 0.75, 0.75, 0.7687499999999999, 0.825, 0.6749999999999999, 0.7687499999999999, 0.7875, 0.6375000000000001, 0.58125, 0.6, 0.7125, 0.7312500000000001, 0.8999999999999999, 0.84375, 0.88125, 0.7687499999999999, 0.84375, 0.8625, 0.91875, 0.9375, 0.95625, 0.9750000000000001, 0.99375, 0.99375, 0.95625, 0.99375, 0.91875, 0.9375, 0.9375, 0.9750000000000001, 0.99375, 1.05, 1.21875, 1.2750000000000001, 1.29375, 1.36875, 1.425, 1.4812500000000002, 1.51875, 1.575, 1.6125, 1.63125, 1.65, 1.63125, 1.63125]

[0.7312500000000001, 0.7125, 0.7125, 0.7312500000000001, 0.69375, 0.7125, 0.6749999999999999, 0.7125, 0.69375, 0.69375, 0.69375, 0.7312500000000001, 0.825, 0.8625, 0.95625, 1.10625, 1.2, 1.21875, 1.21875, 1.2, 1.18125, 1.18125, 1.2, 1.1625, 1.21875, 1.21875, 1.21875, 1.25625, 1.2750000000000001, 1.2750000000000001, 1.3125, 1.3312499999999998, 1.3875, 1.425, 1.4625000000000001, 1.4812500000000002, 1.5, 1.4812500000000002, 1.4625000000000001, 1.425, 1.3312499999999998, 1.3125, 1.2750000000000001, 1.29375, 1.3499999999999999, 1.3875, 1.3499999999999999, 1.36875, 1.3875, 1.36875, 1.3312499999999998, 1.2750000000000001, 1.10625, 1.03125, 1.05, 0.9750000000000001, 0.91875, 0.9375, 0.9750000000000001, 0.9750000000000001, 1.0125000000000002, 1.0125000000000002, 0.95625, 0.95625, 0.88125, 0.825, 0.825, 0.88125, 1.03125, 0.9750000000000001, 1.03125, 1.0875, 1.2, 1.1625, 1.10625, 1.21875, 1.3125, 1.36875, 1.3875, 1.29375]

[0.84375, 0.84375, 0.8625, 0.84375, 0.84375, 0.84375, 0.84375, 0.84375, 0.825, 0.84375, 0.9375, 0.88125, 0.8625, 0.8625, 0.84375, 0.825, 0.80625, 0.75, 0.6749999999999999, 0.6375000000000001, 0.58125, 0.525, 0.5062500000000001, 0.5062500000000001, 0.46875, 0.35625, 0.28125, 0.24375000000000002, 0.22499999999999998, 0.1875, 0.22499999999999998, 0.24375000000000002, 0.24375000000000002, 0.20625, 0.1875, 0.15, 0.15, 0.13125, 0.13125, 0.15, 0.15, 0.15, 0.16874999999999998, 0.1875, 0.22499999999999998, 0.28125, 0.3, 0.33749999999999997, 0.35625, 0.375, 0.375, 0.375, 0.375, 0.3, 0.22499999999999998, 0.22499999999999998, 0.20625, 0.20625, 0.20625, 0.22499999999999998, 0.24375000000000002, 0.3, 0.33749999999999997, 0.35625, 0.39375, 0.43125, 0.5062500000000001, 0.5062500000000001, 0.5062500000000001, 0.43125, 0.39375, 0.35625, 0.31875000000000003, 0.28125, 0.24375000000000002, 0.22499999999999998, 0.20625, 0.16874999999999998, 0.15, 0.11249999999999999]

[0.43125, 0.43125, 0.43125, 0.43125, 0.5625, 0.48750000000000004, 0.48750000000000004, 0.5062500000000001, 0.525, 0.43125, 0.375, 0.4125, 0.43125, 0.44999999999999996, 0.48750000000000004, 0.48750000000000004, 0.46875, 0.525, 0.525, 0.525, 0.525, 0.525, 0.58125, 0.54375, 0.46875, 0.5625, 0.54375, 0.6, 0.5625, 0.58125, 0.69375, 0.54375, 0.5625, 0.6, 0.525, 0.54375, 0.61875, 0.65625, 0.7687499999999999, 0.8625, 0.91875, 0.9750000000000001, 0.9750000000000001, 1.2375, 1.125, 1.125, 1.10625, 1.0875, 1.10625, 0.91875, 1.14375, 1.18125, 0.9750000000000001, 0.99375, 1.03125, 1.0687499999999999, 1.2375, 1.2, 1.125, 1.1625, 1.0687499999999999, 0.9750000000000001, 1.21875, 1.3499999999999999, 1.2375, 1.425, 1.6125, 1.63125, 1.63125, 1.7999999999999998, 1.9125, 1.6875, 1.59375, 1.7437500000000001, 1.2750000000000001, 1.03125, 1.03125, 0.84375, 0.7687499999999999, 0.7312500000000001]

[1.0125000000000002, 1.0875, 1.0687499999999999, 1.0687499999999999, 1.0687499999999999, 1.0687499999999999, 1.0875, 1.0687499999999999, 1.0875, 1.14375, 1.1625, 1.14375, 1.0875, 1.0687499999999999, 1.0687499999999999, 1.05, 1.125, 1.125, 1.125, 1.0687499999999999, 0.95625, 0.95625, 0.95625, 0.95625, 1.0125000000000002, 1.03125, 1.03125, 1.0875, 1.05, 0.99375, 0.8999999999999999, 0.7687499999999999, 0.58125, 0.43125, 0.31875000000000003, 0.20625, 0.13125, 0.09375, 0.075, 0.075, 0.056249999999999994, 0.0375, 0.01875, 0.0, 0.0, 0.0, 0.0, 0.0, 0.0, 0.0, 0.0, 0.0, 0.0, 0.0, 0.0, 0.0, 0.0375, 0.056249999999999994, 0.075, 0.09375, 0.056249999999999994, 0.01875, 0.0, 0.0, 0.0, 0.0, 0.0, 0.0, 0.0, 0.0, 0.0, 0.0, 0.0, 0.0, 0.0, 0.0, 0.0, 0.0, 0.0, 0.0]

[0.46875, 0.525, 0.54375, 0.5062500000000001, 0.5062500000000001, 0.46875, 0.6749999999999999, 0.6749999999999999, 0.6, 0.61875, 0.525, 0.58125, 0.58125, 0.5625, 0.6375000000000001, 0.65625, 0.61875, 0.6, 0.6, 0.65625, 0.58125, 0.7125, 0.825, 0.9375, 0.88125, 0.91875, 0.91875, 0.9750000000000001, 0.9750000000000001, 1.0125000000000002, 1.05, 1.03125, 0.99375, 0.9375, 0.9375, 0.91875, 0.7875, 0.88125, 0.8999999999999999, 0.9750000000000001, 1.125, 1.2, 1.3312499999999998, 1.3125, 1.2750000000000001, 1.2375, 1.2, 1.29375, 1.2750000000000001, 1.2375, 1.2375, 1.2, 1.21875, 1.25625, 1.25625, 1.2, 1.03125, 1.0687499999999999, 0.95625, 0.88125, 0.84375, 0.7875, 0.7125, 0.525, 0.39375, 0.2625, 0.0375, 0.0, 0.0, 0.0, 0.0, 0.0, 0.0, 0.0, 0.0, 0.0, 0.0, 0.0, 0.0, 0.0]

[0.8625, 0.88125, 0.88125, 0.88125, 0.8625, 0.8625, 0.8625, 0.825, 0.825, 0.80625, 0.80625, 0.825, 0.80625, 0.825, 0.825, 0.825, 0.84375, 0.825, 0.80625, 0.84375, 0.9750000000000001, 0.8999999999999999, 0.8625, 0.80625, 0.69375, 0.6375000000000001, 0.58125, 0.48750000000000004, 0.39375, 0.35625, 0.35625, 0.31875000000000003, 0.31875000000000003, 0.35625, 0.33749999999999997, 0.3, 0.28125, 0.2625, 0.2625, 0.2625, 0.24375000000000002, 0.22499999999999998, 0.22499999999999998, 0.22499999999999998, 0.20625, 0.1875, 0.1875, 0.15, 0.16874999999999998, 0.20625, 0.24375000000000002, 0.2625, 0.22499999999999998, 0.13125, 0.11249999999999999, 0.09375, 0.056249999999999994, 0.0375, 0.01875, 0.0, 0.0, 0.0, 0.0, 0.0, 0.0, 0.0, 0.0, 0.0, 0.0, 0.0, 0.0, 0.0, 0.0, 0.0, 0.0, 0.0, 0.0, 0.0, 0.0, 0.0]

[0.69375, 0.69375, 0.6749999999999999, 0.65625, 0.69375, 0.6749999999999999, 0.69375, 0.7125, 0.65625, 0.69375, 0.69375, 0.6749999999999999, 0.6749999999999999, 0.69375, 0.69375, 0.65625, 0.6749999999999999, 0.65625, 0.65625, 0.6749999999999999, 0.65625, 0.61875, 0.54375, 0.54375, 0.5062500000000001, 0.5062500000000001, 0.5062500000000001, 0.5625, 0.58125, 0.58125, 0.5062500000000001, 0.44999999999999996, 0.46875, 0.43125, 0.39375, 0.375, 0.4125, 0.33749999999999997, 0.35625, 0.4125, 0.31875000000000003, 0.35625, 0.4125, 0.375, 0.43125, 0.44999999999999996, 0.46875, 0.5062500000000001, 0.48750000000000004, 0.44999999999999996, 0.43125, 0.44999999999999996, 0.43125, 0.44999999999999996, 0.4125, 0.39375, 0.31875000000000003, 0.33749999999999997, 0.33749999999999997, 0.2625, 0.24375000000000002, 0.3, 0.33749999999999997, 0.28125, 0.2625, 0.3, 0.2625, 0.16874999999999998, 0.1875, 0.16874999999999998, 0.22499999999999998, 0.20625, 0.24375000000000002, 0.3, 0.31875000000000003, 0.39375, 0.44999999999999996, 0.5625, 0.58125, 0.6375000000000001]

[0.43125, 0.43125, 0.48750000000000004, 0.43125, 0.48750000000000004, 0.44999999999999996, 0.44999999999999996, 0.46875, 0.5062500000000001, 0.5062500000000001, 0.5062500000000001, 0.525, 0.525, 0.525, 0.5062500000000001, 0.525, 0.58125, 0.58125, 0.58125, 0.6, 0.5625, 0.6, 0.58125, 0.5625, 0.58125, 0.69375, 0.8625, 0.8625, 0.84375, 0.84375, 0.88125, 0.8625, 0.9375, 0.8999999999999999, 0.88125, 0.8999999999999999, 0.80625, 0.7125, 0.5625, 0.43125, 0.3, 0.16874999999999998, 0.15, 0.13125, 0.13125, 0.15, 0.16874999999999998, 0.22499999999999998, 0.33749999999999997, 0.48750000000000004, 0.65625, 0.7125, 0.7125, 0.6375000000000001, 0.5625, 0.48750000000000004, 0.46875, 0.375, 0.2625, 0.1875, 0.16874999999999998, 0.20625, 0.20625, 0.22499999999999998, 0.2625, 0.31875000000000003, 0.3, 0.31875000000000003, 0.28125, 0.20625, 0.20625, 0.22499999999999998, 0.1875, 0.15, 0.13125, 0.13125, 0.15, 0.1875, 0.20625, 0.22499999999999998]

[0.4125, 0.44999999999999996, 0.39375, 0.4125, 0.4125, 0.39375, 0.4125, 0.39375, 0.4125, 0.4125, 0.48750000000000004, 0.46875, 0.46875, 0.54375, 0.6, 0.58125, 0.5625, 0.58125, 0.6375000000000001, 0.61875, 0.7125, 0.65625, 0.65625, 0.65625, 0.7125, 0.5625, 0.6, 0.61875, 0.61875, 0.65625, 0.6749999999999999, 0.6375000000000001, 0.58125, 0.6, 0.61875, 0.58125, 0.6375000000000001, 0.58125, 0.5625, 0.6, 0.6375000000000001, 0.6, 0.65625, 0.6749999999999999, 0.75, 0.7687499999999999, 0.7875, 0.7875, 0.6749999999999999, 0.6749999999999999, 0.58125, 0.525, 0.6, 0.5062500000000001, 0.54375, 0.5625, 0.6, 0.61875, 0.80625, 0.75, 0.7687499999999999, 0.7687499999999999, 0.7312500000000001, 0.69375, 0.69375, 0.6749999999999999, 0.7312500000000001, 0.7125, 0.7125, 0.7125, 0.7312500000000001, 0.75, 0.7687499999999999, 0.75, 0.7312500000000001, 0.7312500000000001, 0.7125, 0.75, 0.75, 0.75]

[0.54375, 0.5062500000000001, 0.48750000000000004, 0.46875, 0.44999999999999996, 0.43125, 0.5062500000000001, 0.6749999999999999, 0.6, 0.7125, 0.69375, 0.69375, 0.6, 0.46875, 0.43125, 0.54375, 0.48750000000000004, 0.48750000000000004, 0.5062500000000001, 0.43125, 0.39375, 0.375, 0.39375, 0.4125, 0.39375, 0.5062500000000001, 0.39375, 0.39375, 0.4125, 0.43125, 0.46875, 0.46875, 0.46875, 0.54375, 0.58125, 0.61875, 0.6375000000000001, 0.69375, 0.75, 0.7312500000000001, 0.75, 0.7875, 0.825, 0.99375, 0.84375, 0.99375, 0.8999999999999999, 0.8999999999999999, 0.95625, 1.05, 1.18125, 0.9750000000000001, 0.9750000000000001, 0.99375, 1.0875, 1.10625, 1.2, 1.3125, 1.2375, 1.3499999999999999, 1.2375, 1.36875, 1.2750000000000001, 1.05, 1.1625, 1.125, 1.14375, 1.14375, 1.14375, 1.1625, 1.14375, 1.2750000000000001, 1.125, 1.125, 1.18125, 1.14375, 1.2, 1.14375, 1.0875, 1.0687499999999999]

[0.9375, 0.91875, 0.9375, 0.9375, 0.9375, 0.9375, 0.9375, 0.95625, 0.99375, 1.05, 0.99375, 0.95625, 0.95625, 0.91875, 0.91875, 0.8999999999999999, 0.88125, 0.8625, 0.825, 0.7875, 0.75, 0.7312500000000001, 0.7312500000000001, 0.75, 0.7125, 0.65625, 0.6, 0.54375, 0.48750000000000004, 0.46875, 0.5062500000000001, 0.5625, 0.58125, 0.58125, 0.5625, 0.525, 0.525, 0.48750000000000004, 0.43125, 0.375, 0.33749999999999997, 0.28125, 0.24375000000000002, 0.22499999999999998, 0.22499999999999998, 0.24375000000000002, 0.24375000000000002, 0.24375000000000002, 0.24375000000000002, 0.24375000000000002, 0.2625, 0.33749999999999997, 0.4125, 0.48750000000000004, 0.6, 0.7687499999999999, 0.88125, 0.9750000000000001, 1.05, 1.125, 1.18125, 1.18125, 1.18125, 1.14375, 1.125, 1.0875, 1.0875, 1.14375, 1.14375, 1.18125, 1.18125, 1.1625, 1.125, 1.10625, 1.10625, 1.05, 1.0687499999999999, 1.03125, 1.0125000000000002, 0.88125]

[0.88125, 0.88125, 0.88125, 0.88125, 0.8625, 0.84375, 0.825, 0.80625, 0.7125, 0.6749999999999999, 0.6375000000000001, 0.54375, 0.44999999999999996, 0.4125, 0.39375, 0.4125, 0.4125, 0.4125, 0.44999999999999996, 0.5062500000000001, 0.46875, 0.44999999999999996, 0.44999999999999996, 0.48750000000000004, 0.5062500000000001, 0.6, 0.69375, 0.80625, 0.80625, 0.825, 0.7875, 0.825, 0.7312500000000001, 0.69375, 0.69375, 0.7875, 0.84375, 0.8999999999999999, 0.91875, 0.8999999999999999, 0.91875, 0.88125, 0.88125, 0.8625, 0.88125, 0.84375, 0.84375, 0.91875, 0.8999999999999999, 0.91875, 0.8999999999999999, 0.99375, 0.99375, 0.91875, 0.9375, 0.9375, 0.8999999999999999, 0.8999999999999999, 0.8625, 0.80625, 0.825, 0.825, 0.75, 0.80625, 0.825, 0.6749999999999999, 0.6375000000000001, 0.65625, 0.6749999999999999, 0.69375, 0.7312500000000001, 0.6749999999999999, 0.69375, 0.65625, 0.6, 0.6, 0.5625, 0.58125, 0.6, 0.6375000000000001]

[0.7875, 0.7687499999999999, 0.7687499999999999, 0.75, 0.75, 0.7875, 0.7687499999999999, 0.7312500000000001, 0.7125, 0.7312500000000001, 0.69375, 0.65625, 0.65625, 0.61875, 0.6, 0.525, 0.48750000000000004, 0.5062500000000001, 0.44999999999999996, 0.43125, 0.35625, 0.46875, 0.48750000000000004, 0.44999999999999996, 0.46875, 0.4125, 0.31875000000000003, 0.375, 0.3, 0.35625, 0.24375000000000002, 0.24375000000000002, 0.31875000000000003, 0.3, 0.2625, 0.28125, 0.3, 0.28125, 0.28125, 0.24375000000000002, 0.22499999999999998, 0.3, 0.35625, 0.33749999999999997, 0.33749999999999997, 0.35625, 0.35625, 0.33749999999999997, 0.35625, 0.35625, 0.33749999999999997, 0.375, 0.35625, 0.375, 0.39375, 0.39375, 0.46875, 0.39375, 0.43125, 0.35625, 0.4125, 0.44999999999999996, 0.48750000000000004, 0.48750000000000004, 0.525, 0.54375, 0.58125, 0.61875, 0.6375000000000001, 0.65625, 0.69375, 0.7312500000000001, 0.7312500000000001, 0.7125, 0.69375, 0.6749999999999999, 0.69375, 0.6749999999999999, 0.6, 0.6]

[0.6, 0.7312500000000001, 0.75, 0.75, 0.6749999999999999, 0.65625, 0.7125, 0.6, 0.5062500000000001, 0.54375, 0.31875000000000003, 0.375, 0.3, 0.375, 0.2625, 0.28125, 0.2625, 0.2625, 0.3, 0.31875000000000003, 0.3, 0.33749999999999997, 0.35625, 0.375, 0.3, 0.3, 0.3, 0.35625, 0.33749999999999997, 0.46875, 0.31875000000000003, 0.31875000000000003, 0.28125, 0.31875000000000003, 0.44999999999999996, 0.3, 0.3, 0.39375, 0.31875000000000003, 0.31875000000000003, 0.33749999999999997, 0.4125, 0.39375, 0.33749999999999997, 0.33749999999999997, 0.43125, 0.4125, 0.4125, 0.6375000000000001, 0.7687499999999999, 0.48750000000000004, 0.46875, 0.46875, 0.46875, 0.46875, 0.46875, 0.46875, 0.48750000000000004, 0.48750000000000004, 0.5062500000000001, 0.525, 0.5062500000000001, 0.44999999999999996, 0.43125, 0.4125, 0.44999999999999996, 0.43125, 0.39375, 0.43125, 0.43125, 0.44999999999999996, 0.46875, 0.46875, 0.46875, 0.46875, 0.44999999999999996, 0.5062500000000001, 0.5625, 0.58125, 0.58125]

[0.525, 0.5625, 0.525, 0.54375, 0.5625, 0.5625, 0.54375, 0.54375, 0.5625, 0.54375, 0.5062500000000001, 0.43125, 0.5625, 0.5625, 0.6, 0.6, 0.6, 0.46875, 0.5062500000000001, 0.5062500000000001, 0.525, 0.54375, 0.525, 0.5062500000000001, 0.48750000000000004, 0.525, 0.44999999999999996, 0.44999999999999996, 0.46875, 0.5062500000000001, 0.5625, 0.5625, 0.61875, 0.58125, 0.58125, 0.5625, 0.58125, 0.58125, 0.5625, 0.525, 0.525, 0.48750000000000004, 0.5062500000000001, 0.46875, 0.46875, 0.46875, 0.48750000000000004, 0.46875, 0.48750000000000004, 0.44999999999999996, 0.43125, 0.44999999999999996, 0.44999999999999996, 0.43125, 0.44999999999999996, 0.44999999999999996, 0.44999999999999996, 0.525, 0.46875, 0.54375, 0.54375, 0.54375, 0.5062500000000001, 0.5062500000000001, 0.54375, 0.54375, 0.6, 0.65625, 0.5625, 0.525, 0.6, 0.58125, 0.48750000000000004, 0.48750000000000004, 0.46875, 0.5062500000000001, 0.6, 0.5062500000000001, 0.48750000000000004, 0.44999999999999996]

[0.39375, 0.5625, 0.4125, 0.4125, 0.44999999999999996, 0.4125, 0.5625, 0.39375, 0.35625, 0.375, 0.375, 0.43125, 0.43125, 0.44999999999999996, 0.375, 0.4125, 0.35625, 0.4125, 0.44999999999999996, 0.46875, 0.43125, 0.6375000000000001, 0.7125, 0.7312500000000001, 0.7687499999999999, 0.84375, 0.95625, 0.95625, 0.91875, 0.80625, 0.80625, 0.80625, 0.88125, 0.88125, 0.8625, 0.80625, 0.7875, 0.7687499999999999, 0.7687499999999999, 0.7312500000000001, 0.69375, 0.7687499999999999, 0.80625, 0.88125, 0.91875, 0.9750000000000001, 0.99375, 1.05, 0.99375, 1.0125000000000002, 1.03125, 1.03125, 0.95625, 0.8999999999999999, 0.88125, 0.88125, 0.8625, 0.84375, 0.8625, 0.8999999999999999, 0.88125, 0.88125, 0.88125, 0.91875, 0.9375, 0.95625, 1.0125000000000002, 0.9375, 0.84375, 0.75, 0.825, 0.8999999999999999, 1.0125000000000002, 1.0125000000000002, 1.29375, 1.55625, 1.65, 1.59375, 1.40625, 1.2750000000000001]

[1.21875, 1.21875, 1.21875, 1.2375, 1.25625, 1.2375, 1.2375, 1.25625, 1.25625, 1.2, 1.125, 0.91875, 0.8625, 0.7875, 0.75, 0.7125, 0.69375, 0.6749999999999999, 0.65625, 0.61875, 0.6, 0.58125, 0.58125, 0.58125, 0.6, 0.6, 0.65625, 0.61875, 0.6, 0.58125, 0.58125, 0.6, 0.6, 0.58125, 0.58125, 0.6, 0.6, 0.6, 0.6, 0.61875, 0.6, 0.6, 0.61875, 0.61875, 0.58125, 0.5625, 0.58125, 0.54375, 0.54375, 0.5625, 0.5625, 0.5625, 0.6, 0.58125, 0.5625, 0.6, 0.525, 0.5625, 0.54375, 0.5625, 0.525, 0.525, 0.54375, 0.5625, 0.54375, 0.5625, 0.58125, 0.58125, 0.6749999999999999, 0.65625, 0.65625, 0.69375, 0.7125, 0.69375, 0.69375, 0.6749999999999999, 0.69375, 0.69375, 0.6749999999999999, 0.65625]

[0.9375, 0.9375, 0.9375, 0.9375, 0.91875, 0.91875, 0.91875, 0.91875, 0.8625, 0.8625, 0.825, 0.75, 0.7312500000000001, 0.69375, 0.65625, 0.58125, 0.58125, 0.58125, 0.54375, 0.65625, 0.6, 0.6375000000000001, 0.6375000000000001, 0.5625, 0.58125, 0.4125, 0.375, 0.31875000000000003, 0.525, 0.44999999999999996, 0.43125, 0.35625, 0.33749999999999997, 0.28125, 0.3, 0.22499999999999998, 0.22499999999999998, 0.22499999999999998, 0.20625, 0.20625, 0.2625, 0.22499999999999998, 0.20625, 0.24375000000000002, 0.20625, 0.24375000000000002, 0.24375000000000002, 0.22499999999999998, 0.35625, 0.33749999999999997, 0.31875000000000003, 0.375, 0.58125, 0.375, 0.525, 0.46875, 0.525, 0.5625, 0.525, 0.31875000000000003, 0.48750000000000004, 0.5625, 0.58125, 0.6749999999999999, 0.65625, 0.6749999999999999, 0.7125, 0.75, 0.75, 0.7312500000000001, 0.75, 0.7875, 0.8999999999999999, 0.91875, 0.8999999999999999, 0.88125, 0.8625, 0.825, 0.8625, 0.88125]

[0.65625, 0.61875, 0.5625, 0.6, 0.61875, 0.61875, 0.6375000000000001, 0.6375000000000001, 0.58125, 0.6375000000000001, 0.6749999999999999, 0.7125, 0.75, 0.7875, 0.7687499999999999, 0.80625, 0.84375, 0.7875, 0.75, 0.75, 0.7312500000000001, 0.75, 0.75, 0.7312500000000001, 0.7125, 0.6749999999999999, 0.6749999999999999, 0.6749999999999999, 0.69375, 0.65625, 0.65625, 0.65625, 0.6375000000000001, 0.6375000000000001, 0.61875, 0.6375000000000001, 0.6375000000000001, 0.65625, 0.6749999999999999, 0.69375, 0.7312500000000001, 0.8625, 0.91875, 0.9750000000000001, 0.9750000000000001, 0.99375, 0.9375, 0.91875, 0.9375, 1.05, 1.10625, 1.2, 1.29375, 1.4625000000000001, 1.55625, 1.6125, 1.63125, 1.5374999999999999, 1.5, 1.29375, 1.1625, 1.0687499999999999, 1.1625, 1.125, 0.99375, 0.7875, 0.75, 0.7687499999999999, 0.7875, 0.7312500000000001, 0.5625, 0.58125, 0.69375, 0.54375, 0.6375000000000001, 0.6, 0.5625, 0.5625, 0.5625, 0.54375]

[0.43125, 0.46875, 0.46875, 0.4125, 0.48750000000000004, 0.48750000000000004, 0.46875, 0.48750000000000004, 0.61875, 0.61875, 0.54375, 0.525, 0.5625, 0.5625, 0.5625, 0.525, 0.5062500000000001, 0.5625, 0.54375, 0.6749999999999999, 0.69375, 0.7125, 0.69375, 0.7125, 0.65625, 0.69375, 0.69375, 0.7312500000000001, 0.7125, 0.7312500000000001, 0.7312500000000001, 0.7125, 0.7125, 0.7125, 0.7125, 0.7312500000000001, 0.75, 0.7125, 0.69375, 0.69375, 0.6375000000000001, 0.65625, 0.65625, 0.65625, 0.6, 0.58125, 0.5625, 0.5625, 0.48750000000000004, 0.46875, 0.5062500000000001, 0.46875, 0.48750000000000004, 0.43125, 0.43125, 0.39375, 0.4125, 0.31875000000000003, 0.35625, 0.31875000000000003, 0.33749999999999997, 0.31875000000000003, 0.33749999999999997, 0.375, 0.39375, 0.375, 0.39375, 0.375, 0.375, 0.3, 0.35625, 0.39375, 0.4125, 0.39375, 0.39375, 0.28125, 0.33749999999999997, 0.31875000000000003, 0.2625, 0.24375000000000002]

[0.5062500000000001, 0.58125, 0.69375, 0.7125, 0.61875, 0.525, 0.54375, 0.525, 0.6375000000000001, 0.61875, 0.6, 0.61875, 0.75, 0.61875, 0.7875, 0.6, 0.6, 0.61875, 0.6, 0.43125, 0.61875, 0.48750000000000004, 0.46875, 0.46875, 0.5062500000000001, 0.5062500000000001, 0.525, 0.5062500000000001, 0.58125, 0.58125, 0.6, 0.65625, 0.6749999999999999, 0.80625, 0.7687499999999999, 0.6749999999999999, 0.7687499999999999, 0.7687499999999999, 0.75, 0.8625, 0.91875, 0.8625, 0.8999999999999999, 0.88125, 0.9750000000000001, 0.9750000000000001, 1.0125000000000002, 1.0687499999999999, 1.05, 0.99375, 0.95625, 0.95625, 0.825, 0.7687499999999999, 0.7687499999999999, 0.7875, 0.75, 0.69375, 0.69375, 0.65625, 0.7125, 0.69375, 0.6749999999999999, 0.61875, 0.6, 0.6, 0.58125, 0.6, 0.61875, 0.61875, 0.61875, 0.61875, 0.6, 0.65625, 0.65625, 0.6749999999999999, 0.6749999999999999, 0.69375, 0.69375, 0.6749999999999999]

[0.69375, 0.69375, 0.6749999999999999, 0.69375, 0.7125, 0.65625, 0.65625, 0.6749999999999999, 0.6749999999999999, 0.7312500000000001, 0.75, 0.7687499999999999, 0.75, 0.7312500000000001, 0.7687499999999999, 0.75, 0.75, 0.7312500000000001, 0.7312500000000001, 0.7125, 0.69375, 0.65625, 0.65625, 0.7312500000000001, 0.7125, 0.7125, 0.69375, 0.65625, 0.65625, 0.65625, 0.6375000000000001, 0.6, 0.6, 0.61875, 0.61875, 0.58125, 0.61875, 0.61875, 0.61875, 0.65625, 0.7312500000000001, 0.75, 0.7875, 0.8999999999999999, 1.0125000000000002, 1.0687499999999999, 1.05, 0.99375, 0.99375, 1.0125000000000002, 0.91875, 0.88125, 0.84375, 0.7687499999999999, 0.7687499999999999, 0.75, 0.7687499999999999, 0.6749999999999999, 0.65625, 0.65625, 0.7125, 0.69375, 0.65625, 0.65625, 0.6749999999999999, 0.65625, 0.61875, 0.6375000000000001, 0.58125, 0.6375000000000001, 0.75, 0.6749999999999999, 0.75, 0.75, 0.80625, 0.7312500000000001, 0.75, 0.7875, 0.7875, 0.7875]

[0.84375, 0.8625, 0.8625, 0.8625, 0.88125, 0.8625, 0.8999999999999999, 0.88125, 0.8999999999999999, 0.88125, 0.8625, 0.84375, 0.80625, 0.7687499999999999, 0.7687499999999999, 0.75, 0.7125, 0.69375, 0.65625, 0.6749999999999999, 0.61875, 0.5625, 0.525, 0.31875000000000003, 0.3, 0.28125, 0.2625, 0.28125, 0.2625, 0.2625, 0.2625, 0.28125, 0.33749999999999997, 0.33749999999999997, 0.28125, 0.28125, 0.33749999999999997, 0.35625, 0.4125, 0.46875, 0.6, 0.65625, 0.65625, 0.7875, 0.825, 0.9375, 0.9750000000000001, 1.0875, 1.14375, 1.0875, 1.05, 1.0125000000000002, 0.95625, 0.95625, 0.9375, 0.9750000000000001, 1.05, 1.125, 1.0687499999999999, 0.9750000000000001, 0.9375, 0.8999999999999999, 0.88125, 0.8625, 0.7875, 0.7875, 0.75, 0.69375, 0.54375, 0.39375, 0.35625, 0.33749999999999997, 0.33749999999999997, 0.35625, 0.375, 0.44999999999999996, 0.46875, 0.525, 0.65625, 0.7875]

[0.99375, 1.03125, 0.99375, 0.99375, 0.99375, 0.9750000000000001, 0.99375, 0.9375, 0.9750000000000001, 0.84375, 0.7312500000000001, 0.75, 0.75, 0.7312500000000001, 0.7312500000000001, 0.7875, 0.80625, 0.8625, 0.84375, 0.88125, 0.88125, 0.8625, 0.88125, 0.7875, 0.7312500000000001, 0.6749999999999999, 0.7312500000000001, 0.7125, 0.69375, 0.6749999999999999, 0.6375000000000001, 0.54375, 0.48750000000000004, 0.525, 0.525, 0.48750000000000004, 0.48750000000000004, 0.44999999999999996, 0.43125, 0.4125, 0.4125, 0.4125, 0.39375, 0.33749999999999997, 0.31875000000000003, 0.20625, 0.31875000000000003, 0.35625, 0.33749999999999997, 0.33749999999999997, 0.375, 0.46875, 0.44999999999999996, 0.48750000000000004, 0.525, 0.6, 0.6, 0.61875, 0.6, 0.6375000000000001, 0.65625, 0.65625, 0.6749999999999999, 0.7125, 0.88125, 0.88125, 0.7687499999999999, 0.69375, 0.65625, 0.6375000000000001, 0.61875, 0.61875, 0.61875, 0.6, 0.58125, 0.6, 0.61875, 0.65625, 0.7125, 0.7312500000000001]

[0.1875, 0.1875, 0.1875, 0.20625, 0.22499999999999998, 0.24375000000000002, 0.2625, 0.28125, 0.28125, 0.3, 0.3, 0.20625, 0.13125, 0.13125, 0.13125, 0.13125, 0.09375, 0.11249999999999999, 0.09375, 0.09375, 0.056249999999999994, 0.0375, 0.0375, 0.056249999999999994, 0.075, 0.056249999999999994, 0.0375, 0.0, 0.0, 0.0, 0.0, 0.0, 0.0, 0.0, 0.0, 0.0, 0.0, 0.0, 0.0, 0.0, 0.0, 0.0, 0.0, 0.0, 0.0, 0.0, 0.0, 0.0, 0.0, 0.0, 0.0, 0.0, 0.0, 0.0, 0.0, 0.0, 0.0, 0.0, 0.0, 0.0, 0.0, 0.0, 0.0, 0.0, 0.0, 0.0, 0.0, 0.0, 0.0, 0.0, 0.0, 0.0, 0.0, 0.0, 0.0, 0.0, 0.0, 0.0, 0.0, 0.0]

[1.03125, 1.03125, 1.03125, 1.03125, 1.0125000000000002, 1.03125, 1.03125, 1.05, 1.0687499999999999, 1.0875, 1.0687499999999999, 1.05, 1.0125000000000002, 0.9750000000000001, 0.95625, 0.91875, 0.88125, 0.84375, 0.7687499999999999, 0.75, 0.7125, 0.6749999999999999, 0.58125, 0.48750000000000004, 0.375, 0.375, 0.39375, 0.43125, 0.5062500000000001, 0.58125, 0.65625, 0.7125, 0.75, 0.80625, 0.8625, 0.95625, 0.9750000000000001, 0.9750000000000001, 0.9750000000000001, 0.8999999999999999, 0.84375, 0.7687499999999999, 0.7312500000000001, 0.65625, 0.6, 0.5625, 0.46875, 0.5062500000000001, 0.48750000000000004, 0.46875, 0.44999999999999996, 0.44999999999999996, 0.46875, 0.4125, 0.4125, 0.46875, 0.4125, 0.4125, 0.43125, 0.48750000000000004, 0.5625, 0.5625, 0.65625, 0.69375, 0.69375, 0.7312500000000001, 0.7875, 0.7875, 0.825, 0.88125, 0.8999999999999999, 0.8999999999999999, 0.88125, 0.9750000000000001, 0.95625, 0.95625, 0.95625, 0.99375, 0.99375, 0.9750000000000001]

[0.5625, 0.58125, 0.61875, 0.6, 0.58125, 0.65625, 0.58125, 0.54375, 0.58125, 0.6, 0.6, 0.58125, 0.5625, 0.54375, 0.525, 0.525, 0.525, 0.48750000000000004, 0.48750000000000004, 0.48750000000000004, 0.48750000000000004, 0.48750000000000004, 0.46875, 0.48750000000000004, 0.46875, 0.43125, 0.48750000000000004, 0.48750000000000004, 0.525, 0.54375, 0.5625, 0.58125, 0.5625, 0.58125, 0.61875, 0.6749999999999999, 0.6749999999999999, 0.69375, 0.7125, 0.825, 0.9750000000000001, 1.03125, 1.05, 1.14375, 1.21875, 1.125, 1.0125000000000002, 0.9750000000000001, 0.9375, 0.8999999999999999, 0.8999999999999999, 0.8625, 0.825, 0.7875, 0.75, 0.75, 0.75, 0.7687499999999999, 0.80625, 0.8625, 0.88125, 0.8999999999999999, 0.88125, 0.80625, 0.75, 0.7687499999999999, 0.7875, 0.7875, 0.7312500000000001, 0.75, 0.7875, 0.7875, 0.8999999999999999, 0.95625, 0.825, 0.75, 0.75, 0.75, 0.65625, 0.58125]

[0.58125, 0.58125, 0.58125, 0.58125, 0.6, 0.6, 0.61875, 0.58125, 0.7312500000000001, 0.91875, 1.10625, 1.65, 1.44375, 1.3499999999999999, 1.3499999999999999, 1.18125, 0.80625, 0.46875, 0.20625, 0.075, 0.0, 0.0, 0.0, 0.0, 0.0, 0.0, 0.0, 0.0, 0.0, 0.0, 0.0, 0.0, 0.0, 0.0, 0.0, 0.0, 0.0, 0.0, 0.0, 0.0, 0.0, 0.0, 0.0, 0.0, 0.0, 0.0, 0.0, 0.0, 0.0, 0.0, 0.0, 0.0, 0.0, 0.0, 0.0, 0.0, 0.0, 0.0, 0.0, 0.0, 0.0, 0.0, 0.0, 0.0, 0.0, 0.0, 0.0, 0.0, 0.0, 0.0, 0.0, 0.0, 0.0, 0.0, 0.0, 0.0, 0.0, 0.0, 0.0, 0.0]

[0.95625, 0.95625, 0.8999999999999999, 0.8999999999999999, 0.9375, 0.8999999999999999, 0.825, 0.7687499999999999, 0.6375000000000001, 0.6, 0.525, 0.525, 0.54375, 0.5062500000000001, 0.5062500000000001, 0.525, 0.525, 0.525, 0.525, 0.48750000000000004, 0.46875, 0.5062500000000001, 0.525, 0.5062500000000001, 0.54375, 0.5625, 0.58125, 0.61875, 0.6749999999999999, 0.8625, 0.88125, 0.9375, 1.0875, 1.2750000000000001, 1.36875, 1.51875, 1.6875, 1.78125, 1.8187499999999999, 1.7625, 1.725, 1.66875, 1.59375, 1.51875, 1.4812500000000002, 1.3875, 1.3312499999999998, 1.2375, 1.1625, 1.0875, 1.03125, 0.9375, 0.825, 0.6749999999999999, 0.58125, 0.46875, 0.33749999999999997, 0.09375, 0.0, 0.0, 0.0, 0.0, 0.0, 0.0, 0.0, 0.0, 0.0, 0.0, 0.0, 0.0, 0.0, 0.0, 0.0, 0.0, 0.0, 0.0, 0.0, 0.0, 0.0, 0.0]

[0.9375, 0.9375, 0.9375, 0.9375, 0.9375, 0.9375, 0.9375, 0.9375, 0.9375, 0.9750000000000001, 0.8625, 0.80625, 0.75, 0.69375, 0.6749999999999999, 0.61875, 0.5062500000000001, 0.46875, 0.43125, 0.4125, 0.39375, 0.33749999999999997, 0.28125, 0.20625, 0.1875, 0.39375, 0.3, 0.31875000000000003, 0.33749999999999997, 0.375, 0.39375, 0.39375, 0.4125, 0.4125, 0.4125, 0.4125, 0.35625, 0.375, 0.39375, 0.4125, 0.4125, 0.46875, 0.5062500000000001, 0.5062500000000001, 0.54375, 0.54375, 0.58125, 0.6375000000000001, 0.6, 0.6749999999999999, 0.69375, 0.65625, 0.69375, 0.69375, 0.6375000000000001, 0.7125, 0.6749999999999999, 0.58125, 0.54375, 0.61875, 0.65625, 0.6749999999999999, 0.7125, 0.75, 0.91875, 0.9750000000000001, 0.9750000000000001, 0.99375, 1.14375, 1.21875, 1.25625, 1.3125, 1.2375, 1.575, 1.40625, 1.6125, 1.9312500000000001, 2.0812500000000003, 1.9500000000000002, 1.5374999999999999]

[1.25625, 1.2750000000000001, 1.2750000000000001, 1.29375, 1.25625, 1.25625, 1.25625, 1.25625, 1.21875, 1.125, 0.80625, 0.7125, 0.5062500000000001, 0.44999999999999996, 0.375, 0.31875000000000003, 0.28125, 0.2625, 0.2625, 0.2625, 0.28125, 0.28125, 0.35625, 0.375, 0.375, 0.35625, 0.35625, 0.35625, 0.375, 0.4125, 0.5062500000000001, 0.4125, 0.4125, 0.4125, 0.4125, 0.375, 0.35625, 0.35625, 0.33749999999999997, 0.31875000000000003, 0.3, 0.28125, 0.28125, 0.24375000000000002, 0.2625, 0.28125, 0.2625, 0.2625, 0.2625, 0.24375000000000002, 0.22499999999999998, 0.16874999999999998, 0.15, 0.16874999999999998, 0.20625, 0.1875, 0.22499999999999998, 0.16874999999999998, 0.20625, 0.22499999999999998, 0.16874999999999998, 0.20625, 0.22499999999999998, 0.24375000000000002, 0.24375000000000002, 0.24375000000000002, 0.3, 0.31875000000000003, 0.3, 0.31875000000000003, 0.31875000000000003, 0.28125, 0.3, 0.28125, 0.28125, 0.31875000000000003, 0.39375, 0.4125, 0.39375, 0.39375]

[0.54375, 0.54375, 0.54375, 0.54375, 0.5625, 0.5625, 0.5625, 0.525, 0.525, 0.525, 0.54375, 0.525, 0.6, 0.48750000000000004, 0.46875, 0.48750000000000004, 0.48750000000000004, 0.46875, 0.6, 0.7125, 0.7125, 0.65625, 0.44999999999999996, 0.48750000000000004, 0.5625, 0.5062500000000001, 0.46875, 0.525, 0.525, 0.65625, 0.6, 0.6375000000000001, 0.58125, 0.69375, 0.80625, 0.91875, 0.9750000000000001, 1.14375, 1.05, 0.99375, 0.99375, 1.3312499999999998, 1.40625, 1.4812500000000002, 1.425, 1.63125, 1.55625, 1.40625, 1.51875, 1.3312499999999998, 1.29375, 1.2375, 1.3125, 1.0687499999999999, 0.9375, 0.8625, 0.7125, 0.65625, 0.61875, 0.61875, 0.58125, 0.58125, 0.61875, 0.5625, 0.54375, 0.5062500000000001, 0.525, 0.54375, 0.48750000000000004, 0.525, 0.58125, 0.61875, 0.6749999999999999, 0.7687499999999999, 0.88125, 1.0687499999999999, 1.10625, 1.14375, 1.1625, 1.1625]

[0.8625, 0.8625, 0.84375, 0.8625, 0.84375, 0.8625, 0.88125, 0.88125, 0.8999999999999999, 0.88125, 0.91875, 0.95625, 0.99375, 1.0687499999999999, 1.0687499999999999, 1.10625, 1.125, 1.125, 1.125, 1.14375, 1.125, 1.0125000000000002, 0.9375, 0.8625, 0.75, 0.6749999999999999, 0.7125, 0.7687499999999999, 0.825, 0.8999999999999999, 0.91875, 0.9375, 0.91875, 0.88125, 0.8625, 0.88125, 0.9375, 1.03125, 1.0687499999999999, 1.0875, 1.14375, 1.14375, 1.10625, 1.05, 1.03125, 1.0125000000000002, 0.9750000000000001, 0.91875, 0.88125, 0.8625, 0.84375, 0.825, 0.825, 0.825, 0.8625, 0.84375, 0.84375, 0.825, 0.80625, 0.80625, 0.825, 0.825, 0.84375, 0.84375, 0.825, 0.7125, 0.6375000000000001, 0.58125, 0.525, 0.375, 0.24375000000000002, 0.16874999999999998, 0.16874999999999998, 0.15, 0.13125, 0.13125, 0.11249999999999999, 0.13125, 0.1875, 0.15]

[0.825, 0.80625, 0.75, 0.80625, 0.7125, 0.6, 0.58125, 0.525, 0.525, 0.5062500000000001, 0.5062500000000001, 0.525, 0.5062500000000001, 0.7312500000000001, 0.6375000000000001, 0.5625, 0.8999999999999999, 0.7125, 0.95625, 0.84375, 1.14375, 1.425, 1.65, 2.04375, 2.11875, 2.2125, 2.175, 2.2125, 2.2125, 2.1374999999999997, 2.00625, 1.9125, 1.8187499999999999, 1.8187499999999999, 1.85625, 1.9500000000000002, 2.2125, 2.53125, 2.775, 3.1312499999999996, 3.3375, 3.45, 3.76875, 4.81875, 5.3812500000000005, 5.8687499999999995, 5.8875, 5.9625, 5.8875, 6.45, 6.58125, 6.862500000000001, 7.331250000000001, 8.90625, 10.0125, 10.9875, 11.00625, 10.668750000000001, 10.1625, 9.393749999999999, 8.774999999999999, 8.4375, 8.1375, 7.9875, 7.425, 7.0125, 7.06875, 6.88125, 5.94375, 5.4375, 5.23125, 4.856249999999999, 5.2124999999999995, 5.19375, 4.518750000000001, 3.9000000000000004, 3.46875, 2.775, 2.38125, 1.9312500000000001]

[0.9750000000000001, 0.9750000000000001, 0.99375, 0.99375, 0.99375, 0.99375, 0.95625, 0.9375, 0.8999999999999999, 0.84375, 0.75, 0.6749999999999999, 0.6, 0.5625, 0.54375, 0.525, 0.48750000000000004, 0.4125, 0.35625, 0.33749999999999997, 0.31875000000000003, 0.24375000000000002, 0.11249999999999999, 0.075, 0.075, 0.15, 0.24375000000000002, 0.3, 0.35625, 0.35625, 0.35625, 0.375, 0.375, 0.31875000000000003, 0.33749999999999997, 0.33749999999999997, 0.35625, 0.43125, 0.5625, 0.7125, 0.8625, 1.125, 1.10625, 1.0687499999999999, 1.03125, 1.03125, 1.03125, 1.03125, 1.0125000000000002, 1.03125, 1.0875, 1.10625, 1.10625, 1.125, 1.05, 1.18125, 1.18125, 1.2, 1.21875, 1.21875, 1.2, 1.2, 1.1625, 1.125, 1.0875, 1.03125, 0.99375, 0.9750000000000001, 0.9750000000000001, 0.95625, 0.95625, 0.95625, 0.9375, 0.88125, 0.7687499999999999, 0.7687499999999999, 0.80625, 0.91875, 1.1625, 1.40625]

[0.54375, 0.5625, 0.5625, 0.46875, 0.44999999999999996, 0.44999999999999996, 0.46875, 0.48750000000000004, 0.525, 0.54375, 0.5625, 0.58125, 0.6375000000000001, 0.7687499999999999, 0.84375, 0.8625, 0.99375, 1.0125000000000002, 1.125, 1.2750000000000001, 1.40625, 1.59375, 1.8375, 1.89375, 1.9125, 1.9312500000000001, 2.1374999999999997, 2.04375, 1.8187499999999999, 1.725, 1.7625, 1.7437500000000001, 1.70625, 1.725, 1.65, 1.65, 1.725, 1.8187499999999999, 2.0250000000000004, 2.1374999999999997, 2.25, 2.53125, 2.775, 3.225, 3.825, 4.425, 4.6312500000000005, 5.26875, 5.793749999999999, 6.1875, 7.0125, 7.2749999999999995, 7.40625, 7.4625, 7.35, 7.331250000000001, 7.125, 6.84375, 5.60625, 4.9125000000000005, 4.36875, 5.175, 5.64375, 5.7375, 6.0375000000000005, 5.625, 4.9312499999999995, 4.6312500000000005, 4.14375, 3.73125, 3.3375, 2.94375, 2.25, 1.9500000000000002, 1.85625, 1.725, 1.89375, 2.0250000000000004, 2.0250000000000004, 2.0250000000000004]

[0.43125, 0.35625, 0.35625, 0.44999999999999996, 0.46875, 0.525, 0.48750000000000004, 0.5062500000000001, 0.39375, 0.44999999999999996, 0.43125, 0.5062500000000001, 0.44999999999999996, 0.46875, 0.46875, 0.5625, 0.58125, 0.6749999999999999, 0.9750000000000001, 1.0687499999999999, 1.29375, 1.6125, 2.2312499999999997, 2.5125, 2.4937500000000004, 2.4937500000000004, 2.3625, 2.2125, 1.96875, 1.85625, 1.7625, 1.725, 1.7437500000000001, 1.8375, 1.9500000000000002, 2.2312499999999997, 2.5125, 2.90625, 3.3375, 3.7125, 4.2749999999999995, 4.35, 4.2749999999999995, 3.75, 3.46875, 2.64375, 1.7437500000000001, 1.575, 1.29375, 1.8187499999999999, 2.25, 2.34375, 2.25, 2.0625, 2.175, 1.9875, 2.175, 2.11875, 1.96875, 1.89375, 1.875, 1.89375, 1.96875, 2.00625, 2.0625, 1.7999999999999998, 1.21875, 0.9375, 0.8625, 0.7125, 0.91875, 1.0125000000000002, 0.825, 0.75, 0.6749999999999999, 0.5062500000000001, 0.46875, 0.5062500000000001, 0.48750000000000004, 0.46875]

[0.54375, 0.5625, 0.5625, 0.5625, 0.58125, 0.54375, 0.525, 0.6, 0.5062500000000001, 0.525, 0.5625, 0.5625, 0.5062500000000001, 0.48750000000000004, 0.46875, 0.5062500000000001, 0.5625, 0.5625, 0.7125, 0.9750000000000001, 1.4625000000000001, 1.8187499999999999, 1.85625, 1.7625, 1.59375, 1.14375, 0.80625, 0.44999999999999996, 0.09375, 0.0, 0.0, 0.0, 0.0, 0.0, 0.0, 0.0, 0.0, 0.0, 0.0, 0.0, 0.0, 0.0, 0.0, 0.0, 0.0, 0.0, 0.0, 0.0, 0.0, 0.0, 0.0, 0.0, 0.0, 0.0, 0.0, 0.0, 0.0, 0.0, 0.0, 0.0, 0.0, 0.0, 0.0, 0.0, 0.0, 0.0, 0.0, 0.0, 0.01875, 0.0375, 0.0, 0.0375, 0.01875, 0.01875, 0.01875, 0.0, 0.01875, 0.01875, 0.01875, 0.0375]

[0.46875, 0.46875, 0.46875, 0.48750000000000004, 0.5062500000000001, 0.48750000000000004, 0.48750000000000004, 0.48750000000000004, 0.525, 0.6, 0.6375000000000001, 0.69375, 0.825, 1.03125, 1.3875, 1.575, 1.725, 1.8187499999999999, 2.0625, 1.96875, 2.0250000000000004, 1.9312500000000001, 1.8187499999999999, 1.59375, 1.5, 1.51875, 1.4812500000000002, 1.40625, 1.2375, 1.03125, 0.9375, 0.91875, 0.9375, 1.0875, 1.1625, 1.29375, 1.2375, 1.3499999999999999, 1.3312499999999998, 1.125, 1.18125, 1.29375, 1.18125, 1.05, 1.0125000000000002, 0.9750000000000001, 0.9375, 0.91875, 0.8625, 0.7687499999999999, 0.6749999999999999, 0.6, 0.46875, 0.375, 0.2625, 0.2625, 0.3, 0.28125, 0.2625, 0.22499999999999998, 0.13125, 0.01875, 0.0, 0.0, 0.0, 0.0, 0.0, 0.01875, 0.01875, 0.0, 0.0, 0.0, 0.0, 0.0, 0.0, 0.0, 0.0, 0.0, 0.0, 0.0]

[0.44999999999999996, 0.44999999999999996, 0.44999999999999996, 0.44999999999999996, 0.44999999999999996, 0.43125, 0.44999999999999996, 0.44999999999999996, 0.44999999999999996, 0.43125, 0.46875, 0.48750000000000004, 0.48750000000000004, 0.5062500000000001, 0.5625, 0.58125, 0.61875, 0.69375, 0.7125, 0.7687499999999999, 0.80625, 0.84375, 0.88125, 0.9375, 1.05, 1.2750000000000001, 1.5374999999999999, 1.59375, 1.70625, 1.63125, 1.55625, 1.63125, 1.7437500000000001, 1.96875, 1.7625, 1.3875, 0.9750000000000001, 0.61875, 0.39375, 0.01875, 0.0, 0.0, 0.0, 0.0, 0.0, 0.0, 0.0, 0.0, 0.0, 0.0, 0.0, 0.0, 0.0, 0.0, 0.0, 0.0, 0.0, 0.0, 0.0, 0.0, 0.0, 0.0, 0.0, 0.0, 0.0, 0.0, 0.0, 0.0, 0.0, 0.0, 0.0, 0.0, 0.0, 0.0, 0.0, 0.0, 0.0, 0.0, 0.0, 0.0]

[0.65625, 0.6375000000000001, 0.6749999999999999, 0.65625, 0.65625, 0.6749999999999999, 0.65625, 0.6749999999999999, 0.7312500000000001, 0.7687499999999999, 0.825, 0.88125, 0.9375, 0.95625, 0.9375, 0.95625, 1.0125000000000002, 0.9375, 0.9375, 0.95625, 0.91875, 1.125, 1.125, 0.8999999999999999, 0.61875, 0.22499999999999998, 0.0, 0.0, 0.0, 0.0, 0.0, 0.0, 0.0, 0.0, 0.0, 0.0, 0.0, 0.0, 0.0, 0.0, 0.0, 0.0, 0.0, 0.0, 0.0, 0.0, 0.0, 0.0, 0.0, 0.0, 0.0, 0.0, 0.0, 0.0, 0.0, 0.0, 0.0, 0.0, 0.0, 0.0, 0.0, 0.0, 0.0, 0.0, 0.0, 0.0, 0.0, 0.0, 0.0, 0.0, 0.0, 0.0, 0.0, 0.0, 0.0, 0.0, 0.0, 0.0, 0.0, 0.0]

[0.69375, 0.7312500000000001, 0.69375, 0.75, 0.7125, 0.7875, 0.7687499999999999, 0.75, 0.9375, 0.99375, 1.18125, 1.3312499999999998, 1.4625000000000001, 1.59375, 1.59375, 1.29375, 1.0875, 0.91875, 0.84375, 0.80625, 0.75, 0.825, 0.8999999999999999, 0.9750000000000001, 1.05, 1.05, 1.14375, 1.0875, 1.0687499999999999, 1.05, 1.05, 1.03125, 0.99375, 0.9750000000000001, 0.9750000000000001, 0.9375, 0.91875, 0.8999999999999999, 0.9375, 1.03125, 0.7687499999999999, 0.7125, 0.6749999999999999, 0.61875, 0.6, 0.6, 0.58125, 0.58125, 0.6, 0.6, 0.6, 0.6, 0.54375, 0.4125, 0.525, 0.54375, 0.525, 0.54375, 0.58125, 0.61875, 0.6375000000000001, 0.61875, 0.61875, 0.61875, 0.61875, 0.61875, 0.61875, 0.6375000000000001, 0.65625, 0.6749999999999999, 0.65625, 0.6375000000000001, 0.6, 0.6375000000000001, 0.5062500000000001, 0.35625, 0.2625, 0.15, 0.075, 0.0]

[0.525, 0.54375, 0.525, 0.5062500000000001, 0.5062500000000001, 0.46875, 0.46875, 0.69375, 0.6749999999999999, 0.7687499999999999, 1.14375, 1.29375, 1.725, 2.4, 2.2875, 2.04375, 1.875, 1.6125, 1.5374999999999999, 1.5, 1.55625, 1.70625, 1.7999999999999998, 1.89375, 1.96875, 2.1, 2.2875, 1.6875, 1.3312499999999998, 1.21875, 1.125, 1.03125, 0.84375, 0.75, 0.825, 0.91875, 0.91875, 0.8625, 0.84375, 0.69375, 0.7875, 0.9750000000000001, 1.05, 0.99375, 0.9375, 1.14375, 1.1625, 1.21875, 1.2750000000000001, 1.5, 1.51875, 1.63125, 1.59375, 1.1625, 1.03125, 0.8999999999999999, 0.91875, 1.0687499999999999, 1.0687499999999999, 1.1625, 1.2375, 1.1625, 1.1625, 1.2, 1.2750000000000001, 1.3125, 1.29375, 1.3125, 1.0875, 0.99375, 0.9750000000000001, 0.8999999999999999, 0.88125, 0.84375, 0.84375, 0.84375, 0.8625, 0.88125, 0.88125, 0.8625]

[1.44375, 1.44375, 1.40625, 1.40625, 1.3875, 1.3499999999999999, 1.3499999999999999, 1.29375, 1.2750000000000001, 1.2750000000000001, 1.2750000000000001, 1.2375, 1.2375, 1.2, 1.18125, 1.2, 1.21875, 1.125, 1.2, 1.18125, 1.0875, 1.03125, 0.9375, 0.95625, 0.825, 0.84375, 0.7312500000000001, 0.5062500000000001, 0.58125, 0.525, 0.48750000000000004, 0.31875000000000003, 0.28125, 0.33749999999999997, 0.28125, 0.33749999999999997, 0.33749999999999997, 0.3, 0.2625, 0.3, 0.33749999999999997, 0.39375, 0.48750000000000004, 0.6, 0.65625, 0.69375, 0.9750000000000001, 0.9375, 0.91875, 0.9375, 0.9750000000000001, 0.6749999999999999, 0.54375, 0.43125, 0.31875000000000003, 0.31875000000000003, 0.33749999999999997, 0.31875000000000003, 0.28125, 0.3, 0.28125, 0.33749999999999997, 0.35625, 0.33749999999999997, 0.33749999999999997, 0.1875, 0.16874999999999998, 0.15, 0.15, 0.16874999999999998, 0.3, 0.20625, 0.15, 0.16874999999999998, 0.2625, 0.28125, 0.24375000000000002, 0.20625, 0.46875, 0.5625]

[0.69375, 0.69375, 0.7125, 0.69375, 0.7875, 0.7125, 0.6749999999999999, 0.7125, 0.91875, 0.9750000000000001, 1.0125000000000002, 1.0687499999999999, 1.4625000000000001, 1.63125, 2.00625, 2.1937499999999996, 2.34375, 2.1374999999999997, 1.85625, 1.725, 0.9750000000000001, 0.09375, 0.0, 0.0, 0.0, 0.0, 0.0, 0.0, 0.0, 0.0, 0.0, 0.0, 0.0, 0.0, 0.0, 0.0, 0.0, 0.0, 0.0, 0.0, 0.0, 0.0, 0.0, 0.0, 0.0, 0.0, 0.0, 0.0, 0.0, 0.0, 0.0, 0.0, 0.0, 0.0, 0.0, 0.0, 0.0, 0.0, 0.0, 0.0, 0.0, 0.0, 0.0, 0.0, 0.0, 0.0, 0.0, 0.0, 0.0, 0.0, 0.0, 0.0, 0.0, 0.0, 0.0, 0.0, 0.0, 0.0, 0.0, 0.0]

[1.4812500000000002, 1.4812500000000002, 1.59375, 1.425, 1.4625000000000001, 1.425, 1.5, 1.575, 1.5374999999999999, 1.44375, 1.3312499999999998, 1.14375, 0.91875, 0.5062500000000001, 0.16874999999999998, 0.0, 0.0, 0.0, 0.0, 0.0, 0.0, 0.0, 0.0, 0.0, 0.0, 0.0, 0.0, 0.0, 0.0, 0.0, 0.0, 0.0, 0.0, 0.0, 0.0, 0.0, 0.0, 0.0, 0.0, 0.0, 0.0, 0.0, 0.0, 0.0, 0.0, 0.0, 0.0, 0.0, 0.0, 0.0, 0.0, 0.0, 0.0, 0.0, 0.0, 0.0, 0.0, 0.0, 0.0, 0.0, 0.0, 0.0, 0.0, 0.0, 0.0, 0.0, 0.0, 0.0, 0.0, 0.0, 0.0, 0.0, 0.0, 0.0, 0.0, 0.0, 0.0, 0.0, 0.0, 0.0]

[0.33749999999999997, 0.525, 0.375, 0.35625, 0.375, 0.33749999999999997, 0.39375, 0.44999999999999996, 0.46875, 0.4125, 0.375, 0.375, 0.31875000000000003, 0.3, 0.35625, 0.69375, 1.4812500000000002, 1.51875, 1.125, 1.5, 1.21875, 0.8625, 0.58125, 0.525, 0.46875, 0.33749999999999997, 0.15, 0.01875, 0.0, 0.0, 0.0, 0.0, 0.0, 0.0, 0.0, 0.0, 0.0, 0.0, 0.0, 0.0, 0.0, 0.0, 0.0, 0.0, 0.0, 0.0, 0.0, 0.0, 0.0, 0.0, 0.0, 0.0, 0.0, 0.0, 0.0, 0.0, 0.0, 0.0, 0.0, 0.0, 0.0, 0.0, 0.0, 0.0, 0.0, 0.0, 0.0, 0.0, 0.0, 0.0, 0.0, 0.0, 0.0, 0.0, 0.0, 0.0, 0.0, 0.0, 0.0, 0.0]

[0.65625, 0.69375, 0.69375, 0.69375, 0.6749999999999999, 0.7125, 0.7312500000000001, 0.7687499999999999, 0.7875, 0.84375, 0.8625, 0.9375, 1.05, 1.1625, 1.29375, 1.3875, 1.55625, 1.6125, 1.65, 1.66875, 1.65, 1.63125, 1.55625, 1.4625000000000001, 1.29375, 1.2375, 1.125, 1.0125000000000002, 0.75, 0.75, 0.7125, 0.6, 0.525, 0.5062500000000001, 0.48750000000000004, 0.48750000000000004, 0.48750000000000004, 0.46875, 0.5062500000000001, 0.48750000000000004, 0.54375, 0.6, 0.525, 0.44999999999999996, 0.35625, 0.24375000000000002, 0.22499999999999998, 0.20625, 0.20625, 0.1875, 0.20625, 0.24375000000000002, 0.22499999999999998, 0.2625, 0.2625, 0.2625, 0.28125, 0.31875000000000003, 0.33749999999999997, 0.4125, 0.44999999999999996, 0.54375, 0.6, 0.61875, 0.65625, 0.69375, 0.6749999999999999, 0.7125, 0.7875, 0.75, 0.7687499999999999, 0.80625, 0.7312500000000001, 0.5625, 0.525, 0.65625, 0.61875, 0.5625, 0.6, 0.6]

[0.43125, 0.44999999999999996, 0.44999999999999996, 0.43125, 0.44999999999999996, 0.48750000000000004, 0.46875, 0.46875, 0.44999999999999996, 0.44999999999999996, 0.5062500000000001, 0.69375, 1.0687499999999999, 1.575, 1.3875, 1.2750000000000001, 1.21875, 0.8625, 0.6, 0.5062500000000001, 0.48750000000000004, 0.54375, 0.6375000000000001, 0.7875, 0.95625, 1.0687499999999999, 1.18125, 1.21875, 1.36875, 1.3875, 1.2750000000000001, 1.29375, 1.21875, 1.0875, 1.03125, 0.9750000000000001, 0.95625, 0.6, 0.54375, 0.39375, 0.28125, 0.28125, 0.3, 0.28125, 0.31875000000000003, 0.33749999999999997, 0.31875000000000003, 0.39375, 0.58125, 1.0687499999999999, 1.21875, 1.1625, 1.0125000000000002, 0.9375, 0.8999999999999999, 0.84375, 0.84375, 0.91875, 0.9750000000000001, 1.0125000000000002, 1.2750000000000001, 1.44375, 1.63125, 1.7999999999999998, 1.725, 1.65, 1.5374999999999999, 1.4625000000000001, 1.4812500000000002, 1.5, 1.4812500000000002, 1.5, 1.5, 1.5, 1.5374999999999999, 1.575, 1.66875, 1.70625, 1.7625, 1.7999999999999998]

[0.375, 0.43125, 0.375, 0.39375, 0.375, 0.35625, 0.375, 0.35625, 0.35625, 0.43125, 0.35625, 0.375, 0.43125, 0.5062500000000001, 0.65625, 0.99375, 1.3499999999999999, 1.4812500000000002, 1.40625, 1.3312499999999998, 0.7125, 0.5062500000000001, 0.15, 0.0, 0.0, 0.0, 0.0, 0.0, 0.0, 0.0, 0.0, 0.0, 0.0, 0.0, 0.0, 0.0, 0.0, 0.0, 0.0, 0.0, 0.0, 0.0, 0.0, 0.0, 0.0, 0.0, 0.0, 0.0, 0.0, 0.0, 0.0, 0.0, 0.0, 0.0, 0.0, 0.0, 0.0, 0.0, 0.0, 0.0, 0.0, 0.0, 0.0, 0.0, 0.0, 0.0, 0.0, 0.0, 0.0, 0.0, 0.0, 0.0, 0.0, 0.0, 0.0, 0.0, 0.0, 0.0, 0.0, 0.0]

[0.7125, 0.7125, 0.75, 0.7125, 0.7125, 0.75, 0.7125, 0.7312500000000001, 0.7125, 0.7125, 0.7125, 0.69375, 0.69375, 0.6749999999999999, 0.6749999999999999, 0.65625, 0.65625, 0.75, 0.84375, 0.95625, 1.875, 2.75625, 2.7375, 2.6999999999999997, 2.325, 1.725, 1.29375, 1.0125000000000002, 0.7312500000000001, 0.39375, 0.28125, 0.22499999999999998, 0.22499999999999998, 0.20625, 0.20625, 0.16874999999999998, 0.09375, 0.0, 0.0, 0.0, 0.0, 0.0, 0.0, 0.0, 0.0, 0.0, 0.0, 0.0, 0.0, 0.0, 0.0, 0.0, 0.0, 0.0, 0.0, 0.0, 0.0, 0.0, 0.0, 0.0, 0.0, 0.0, 0.0, 0.0, 0.0, 0.0, 0.0, 0.0, 0.0, 0.0, 0.0, 0.0, 0.0, 0.0, 0.0, 0.0, 0.0, 0.0, 0.0, 0.0]

[0.46875, 0.46875, 0.46875, 0.44999999999999996, 0.48750000000000004, 0.44999999999999996, 0.44999999999999996, 0.48750000000000004, 0.46875, 0.5062500000000001, 0.5062500000000001, 0.5625, 0.7312500000000001, 0.8999999999999999, 1.3312499999999998, 1.8187499999999999, 1.4812500000000002, 1.55625, 1.4812500000000002, 1.3125, 1.2750000000000001, 1.29375, 1.44375, 1.65, 1.89375, 1.9875, 2.175, 2.5500000000000003, 2.625, 2.71875, 2.75625, 3.0187500000000003, 3.24375, 2.98125, 2.625, 2.71875, 2.0250000000000004, 1.89375, 1.29375, 1.2, 1.125, 0.9375, 0.7875, 0.61875, 0.58125, 0.5062500000000001, 0.54375, 0.525, 0.24375000000000002, 0.09375, 0.056249999999999994, 0.01875, 0.0, 0.0, 0.0, 0.0, 0.0, 0.0, 0.0, 0.0, 0.0, 0.0, 0.0, 0.0, 0.0, 0.0, 0.0, 0.0, 0.0, 0.0, 0.0, 0.0, 0.0, 0.0, 0.0, 0.0, 0.0, 0.0, 0.0, 0.0]

[0.44999999999999996, 0.44999999999999996, 0.44999999999999996, 0.43125, 0.43125, 0.5062500000000001, 0.48750000000000004, 0.54375, 0.5625, 0.5625, 0.525, 0.5062500000000001, 0.39375, 0.4125, 0.46875, 0.46875, 0.48750000000000004, 0.46875, 0.4125, 0.33749999999999997, 0.22499999999999998, 0.20625, 0.20625, 0.15, 0.13125, 0.13125, 0.2625, 0.2625, 0.28125, 0.375, 0.46875, 0.6, 0.80625, 0.91875, 1.5, 1.4625000000000001, 1.575, 1.66875, 1.9500000000000002, 2.2125, 2.8875, 3.76875, 6.46875, 5.41875, 3.525, 1.8375, 0.31875000000000003, 0.056249999999999994, 0.0, 0.0, 0.0, 0.0, 0.0, 0.0, 0.0, 0.0, 0.01875, 0.01875, 0.0, 0.0, 0.0, 0.0, 0.0, 0.0, 0.0, 0.0, 0.0, 0.0, 0.0, 0.0, 0.0, 0.0, 0.0, 0.0, 0.0, 0.0, 0.0, 0.0, 0.0, 0.0]

[1.0875, 1.0875, 1.0875, 1.0875, 1.10625, 1.10625, 1.0687499999999999, 1.125, 1.10625, 1.0687499999999999, 1.0687499999999999, 1.10625, 1.0687499999999999, 1.125, 1.14375, 1.21875, 1.29375, 1.44375, 1.55625, 1.725, 1.8375, 1.9312500000000001, 1.9125, 1.66875, 1.44375, 1.25625, 1.125, 1.10625, 1.0687499999999999, 0.9750000000000001, 0.9750000000000001, 1.0687499999999999, 1.3499999999999999, 1.3875, 1.725, 1.96875, 2.175, 1.9312500000000001, 1.9312500000000001, 2.0250000000000004, 2.0625, 2.04375, 1.725, 1.6125, 1.5374999999999999, 1.4812500000000002, 1.425, 1.55625, 1.55625, 1.4625000000000001, 1.3875, 1.44375, 1.44375, 1.44375, 1.44375, 1.40625, 1.29375, 1.21875, 0.9375, 1.18125, 1.40625, 1.3125, 1.36875, 1.51875, 1.6125, 1.7999999999999998, 1.9500000000000002, 2.04375, 3.0375, 3.35625, 3.675, 4.0875, 4.81875, 4.8, 4.425, 4.89375, 4.95, 4.81875, 4.70625, 4.29375]

[0.9375, 0.9375, 0.9375, 0.91875, 0.9375, 0.9375, 0.95625, 0.95625, 0.95625, 1.03125, 1.0687499999999999, 1.18125, 1.3125, 1.5, 1.7999999999999998, 1.425, 0.95625, 0.54375, 0.15, 0.0, 0.0, 0.0, 0.0, 0.0, 0.0, 0.0, 0.0, 0.0, 0.0, 0.0, 0.0, 0.0, 0.0, 0.0, 0.0, 0.0, 0.0, 0.0, 0.0, 0.0, 0.0, 0.0, 0.0, 0.0, 0.0, 0.0, 0.0, 0.0, 0.0, 0.0, 0.0, 0.0, 0.0, 0.0, 0.0, 0.0, 0.0, 0.0, 0.0, 0.0, 0.0, 0.0, 0.0, 0.0, 0.0, 0.0, 0.0, 0.0, 0.0, 0.0, 0.0, 0.0, 0.0, 0.0, 0.0, 0.0, 0.0, 0.0, 0.0, 0.0]

[0.22499999999999998, 0.22499999999999998, 0.20625, 0.20625, 0.1875, 0.1875, 0.16874999999999998, 0.15, 0.11249999999999999, 0.075, 0.056249999999999994, 0.01875, 0.01875, 0.01875, 0.0, 0.0, 0.0, 0.0, 0.0, 0.0, 0.0, 0.0, 0.0, 0.0, 0.0, 0.0, 0.0, 0.0, 0.0, 0.0, 0.0, 0.0, 0.0, 0.0, 0.0, 0.0, 0.0, 0.0, 0.0, 0.0, 0.0, 0.0, 0.0, 0.0, 0.0, 0.0, 0.0, 0.0, 0.0, 0.0, 0.0, 0.0, 0.0, 0.0, 0.0, 0.0, 0.0, 0.0, 0.0, 0.0, 0.0, 0.0, 0.0, 0.0, 0.0, 0.0, 0.0, 0.0, 0.01875, 0.056249999999999994, 0.13125, 0.1875, 0.22499999999999998, 0.24375000000000002, 0.22499999999999998, 0.1875, 0.16874999999999998, 0.15, 0.1875, 0.20625]

[0.39375, 0.4125, 0.39375, 0.4125, 0.4125, 0.43125, 0.39375, 0.43125, 0.43125, 0.4125, 0.46875, 0.43125, 0.5625, 0.58125, 0.5625, 0.6375000000000001, 0.8999999999999999, 1.03125, 1.18125, 1.29375, 1.55625, 1.55625, 1.59375, 1.14375, 0.525, 0.13125, 0.0, 0.0, 0.0, 0.0, 0.0, 0.0, 0.0, 0.0, 0.0, 0.0, 0.0, 0.0, 0.0, 0.0, 0.0, 0.0, 0.0, 0.0, 0.0, 0.0, 0.0, 0.0, 0.0, 0.0, 0.0, 0.0, 0.0, 0.0, 0.0, 0.0, 0.0, 0.0, 0.0, 0.0, 0.0, 0.0, 0.0, 0.0, 0.0, 0.0, 0.0, 0.0, 0.0, 0.0, 0.0, 0.0, 0.0, 0.0, 0.0, 0.0, 0.0, 0.0, 0.0, 0.0]

[0.65625, 0.65625, 0.65625, 0.6749999999999999, 0.5625, 0.58125, 0.61875, 0.6, 0.69375, 0.88125, 1.03125, 1.18125, 1.3125, 1.3312499999999998, 1.14375, 0.9750000000000001, 0.69375, 0.5062500000000001, 0.44999999999999996, 0.43125, 0.39375, 0.44999999999999996, 0.5625, 0.7687499999999999, 0.95625, 1.21875, 1.2, 1.125, 1.0875, 0.91875, 0.7875, 0.65625, 0.58125, 0.525, 0.525, 0.525, 0.5062500000000001, 0.46875, 0.44999999999999996, 0.46875, 0.44999999999999996, 0.4125, 0.4125, 0.375, 0.5062500000000001, 0.46875, 0.46875, 0.43125, 0.35625, 0.33749999999999997, 0.375, 0.39375, 0.43125, 0.39375, 0.4125, 0.4125, 0.39375, 0.375, 0.375, 0.375, 0.33749999999999997, 0.375, 0.375, 0.35625, 0.375, 0.33749999999999997, 0.375, 0.39375, 0.39375, 0.39375, 0.39375, 0.4125, 0.4125, 0.43125, 0.43125, 0.43125, 0.44999999999999996, 0.46875, 0.46875, 0.44999999999999996]

[0.39375, 0.39375, 0.4125, 0.39375, 0.375, 0.33749999999999997, 0.35625, 0.35625, 0.33749999999999997, 0.35625, 0.375, 0.39375, 0.39375, 0.35625, 0.4125, 0.44999999999999996, 0.5062500000000001, 0.7312500000000001, 0.7687499999999999, 0.88125, 0.99375, 1.2375, 1.3312499999999998, 1.4625000000000001, 1.89375, 2.1374999999999997, 2.175, 2.38125, 2.1937499999999996, 1.9500000000000002, 1.6875, 1.36875, 1.03125, 0.7687499999999999, 0.525, 0.44999999999999996, 0.48750000000000004, 0.54375, 0.54375, 0.5062500000000001, 0.44999999999999996, 0.4125, 0.5062500000000001, 0.6749999999999999, 0.9375, 1.51875, 2.00625, 2.3625, 2.64375, 3.3375, 3.525, 3.73125, 3.8062499999999995, 4.0125, 4.050000000000001, 4.050000000000001, 4.0875, 3.975, 3.9375, 3.75, 3.9375, 3.73125, 3.7125, 3.65625, 3.50625, 3.3, 3.3375, 3.2625, 2.94375, 2.53125, 2.00625, 1.51875, 1.0125000000000002, 0.525, 0.3, 0.20625, 0.31875000000000003, 0.375, 0.48750000000000004, 0.44999999999999996]

[0.5062500000000001, 0.48750000000000004, 0.46875, 0.5062500000000001, 0.48750000000000004, 0.48750000000000004, 0.5062500000000001, 0.48750000000000004, 0.525, 0.54375, 0.58125, 0.6375000000000001, 0.7875, 1.0687499999999999, 1.44375, 2.0250000000000004, 2.2312499999999997, 2.2875, 2.1, 1.9500000000000002, 1.9312500000000001, 1.7437500000000001, 1.63125, 1.40625, 1.2750000000000001, 1.2375, 1.3125, 1.55625, 1.59375, 1.7999999999999998, 1.8375, 2.175, 2.38125, 2.6999999999999997, 2.8125, 3.2625, 3.3937500000000003, 3.45, 3.46875, 3.4125, 3.225, 3.46875, 3.4312500000000004, 3.35625, 3.3375, 3.24375, 3.09375, 3.1125, 3.1312499999999996, 3.1312499999999996, 3.0749999999999997, 2.8125, 1.96875, 1.575, 1.2, 0.80625, 0.7312500000000001, 0.61875, 0.39375, 0.48750000000000004, 0.35625, 0.5062500000000001, 0.65625, 0.48750000000000004, 0.44999999999999996, 0.4125, 0.22499999999999998, 0.09375, 0.075, 0.075, 0.09375, 0.11249999999999999, 0.13125, 0.13125, 0.16874999999999998, 0.2625, 0.22499999999999998, 0.31875000000000003, 0.35625, 0.28125]

[0.5625, 0.54375, 0.5625, 0.5625, 0.6, 0.69375, 0.54375, 0.58125, 0.5625, 0.61875, 0.7875, 0.9750000000000001, 1.0875, 1.55625, 1.725, 1.51875, 1.44375, 1.2750000000000001, 0.95625, 0.8999999999999999, 0.9375, 0.9750000000000001, 1.21875, 1.4625000000000001, 1.6875, 1.89375, 2.00625, 2.53125, 2.68125, 2.9250000000000003, 3.1687499999999997, 3.5437499999999997, 3.4125, 3.8437499999999996, 4.40625, 4.18125, 3.61875, 3.1687499999999997, 2.68125, 2.4375, 2.26875, 2.1937499999999996, 1.8187499999999999, 1.44375, 1.2, 1.0687499999999999, 0.7312500000000001, 0.5062500000000001, 0.4125, 0.4125, 0.6, 0.8625, 1.1625, 1.5374999999999999, 2.15625, 2.56875, 2.5125, 2.30625, 2.38125, 2.4375, 2.53125, 2.625, 2.64375, 2.71875, 2.83125, 2.98125, 3.09375, 3.20625, 3.375, 3.1312499999999996, 3.46875, 3.5999999999999996, 3.50625, 3.375, 3.5437499999999997, 3.75, 4.10625, 3.9187499999999997, 2.6624999999999996, 1.9125]

[0.7875, 0.7875, 0.7875, 0.7875, 0.7875, 0.7875, 0.7875, 0.7875, 0.75, 0.6749999999999999, 0.525, 0.39375, 0.33749999999999997, 0.2625, 0.22499999999999998, 0.16874999999999998, 0.15, 0.15, 0.15, 0.1875, 0.16874999999999998, 0.0375, 0.0, 0.0, 0.0, 0.0, 0.0, 0.0, 0.0, 0.0, 0.0, 0.0, 0.0, 0.0, 0.0, 0.0, 0.0, 0.0, 0.0, 0.0, 0.0, 0.0, 0.0, 0.0, 0.0, 0.0, 0.0, 0.0, 0.0, 0.0, 0.0, 0.0, 0.0, 0.01875, 0.075, 0.20625, 0.375, 0.58125, 0.7312500000000001, 0.7875, 0.80625, 0.75, 0.58125, 0.48750000000000004, 0.35625, 0.3, 0.24375000000000002, 0.24375000000000002, 0.2625, 0.28125, 0.2625, 0.2625, 0.28125, 0.2625, 0.28125, 0.28125, 0.3, 0.3, 0.3, 0.28125]

[0.9375, 0.9375, 0.9375, 0.95625, 0.95625, 0.9750000000000001, 0.9750000000000001, 0.9750000000000001, 1.0125000000000002, 1.0125000000000002, 0.9750000000000001, 0.95625, 0.9375, 0.95625, 0.9375, 0.9750000000000001, 0.825, 0.84375, 0.8999999999999999, 0.9375, 1.05, 1.03125, 1.10625, 1.10625, 1.2375, 1.36875, 1.5, 1.425, 1.36875, 1.7437500000000001, 1.9875, 2.1374999999999997, 2.0812500000000003, 2.2125, 2.175, 2.30625, 1.66875, 1.8187499999999999, 1.7437500000000001, 1.66875, 1.7625, 1.63125, 1.51875, 1.3125, 1.1625, 1.05, 0.95625, 1.05, 0.88125, 0.7125, 0.7125, 0.61875, 0.69375, 0.525, 0.5625, 0.5625, 0.54375, 0.54375, 0.525, 0.43125, 0.46875, 0.46875, 0.44999999999999996, 0.39375, 0.28125, 0.22499999999999998, 0.16874999999999998, 0.13125, 0.09375, 0.075, 0.056249999999999994, 0.056249999999999994, 0.0375, 0.01875, 0.01875, 0.0, 0.0, 0.01875, 0.01875, 0.0375]

[0.58125, 0.61875, 0.525, 0.6, 0.6, 0.5062500000000001, 0.46875, 0.44999999999999996, 0.58125, 0.48750000000000004, 0.5625, 0.65625, 0.7687499999999999, 1.03125, 1.40625, 1.40625, 1.9312500000000001, 1.59375, 1.2750000000000001, 0.91875, 0.43125, 0.056249999999999994, 0.0, 0.0, 0.0, 0.0, 0.0, 0.0, 0.0, 0.0, 0.0, 0.0, 0.0, 0.0, 0.0, 0.0, 0.0, 0.0, 0.0, 0.0, 0.0, 0.056249999999999994, 0.31875000000000003, 0.7125, 1.40625, 1.96875, 2.475, 2.85, 3.15, 3.225, 3.1125, 3.0749999999999997, 3.09375, 3.1125, 3.05625, 3.0375, 2.98125, 2.9250000000000003, 3.0749999999999997, 3.2625, 3.2625, 3.05625, 3.1125, 2.86875, 2.5500000000000003, 2.1937499999999996, 2.1937499999999996, 2.00625, 1.55625, 1.59375, 1.03125, 0.61875, 0.22499999999999998, 0.056249999999999994, 0.0, 0.0, 0.0, 0.0, 0.0, 0.0]

[0.95625, 0.9375, 0.8999999999999999, 0.88125, 0.84375, 0.8999999999999999, 0.95625, 0.9375, 1.0125000000000002, 1.2, 1.3125, 1.6875, 1.96875, 1.9125, 1.8187499999999999, 1.725, 1.59375, 1.6125, 1.63125, 1.8375, 1.9500000000000002, 2.175, 2.2125, 2.00625, 1.51875, 1.25625, 0.8625, 0.46875, 0.13125, 0.0, 0.0, 0.0, 0.0, 0.0, 0.0, 0.0, 0.0, 0.0, 0.0, 0.0, 0.0, 0.0, 0.0, 0.0, 0.0, 0.0, 0.0, 0.0, 0.0, 0.0, 0.0, 0.0, 0.0, 0.0, 0.0, 0.0, 0.0, 0.0, 0.0, 0.0, 0.0, 0.0, 0.0, 0.0, 0.0, 0.0, 0.0, 0.0, 0.0, 0.0, 0.0, 0.0, 0.0, 0.0, 0.0, 0.0, 0.0, 0.0, 0.0, 0.0]

[0.7125, 0.7125, 0.7312500000000001, 0.7312500000000001, 0.7125, 0.75, 0.69375, 0.6749999999999999, 0.75, 0.7687499999999999, 0.84375, 0.8625, 0.8999999999999999, 0.9750000000000001, 1.03125, 1.1625, 1.14375, 1.0875, 1.05, 1.0125000000000002, 0.95625, 0.91875, 0.8625, 0.91875, 0.88125, 0.8625, 0.84375, 0.7687499999999999, 0.7312500000000001, 0.6375000000000001, 0.6, 0.525, 0.4125, 0.35625, 0.33749999999999997, 0.3, 0.16874999999999998, 0.16874999999999998, 0.09375, 0.075, 0.0, 0.0, 0.0, 0.0, 0.0, 0.0, 0.0, 0.0, 0.0, 0.0, 0.0, 0.0, 0.0, 0.0, 0.0, 0.0, 0.0, 0.0, 0.0, 0.0, 0.0, 0.0, 0.0, 0.0, 0.0, 0.0, 0.0, 0.0, 0.0, 0.0, 0.0, 0.0, 0.0, 0.0, 0.0, 0.0, 0.0, 0.0, 0.0, 0.0]

[1.1625, 1.1625, 1.1625, 1.14375, 1.125, 1.125, 1.125, 1.10625, 1.05, 0.9750000000000001, 0.84375, 0.65625, 0.46875, 0.3, 0.15, 0.075, 0.0375, 0.0, 0.0, 0.0, 0.0, 0.0, 0.0, 0.0, 0.0, 0.0, 0.0, 0.0, 0.0, 0.0, 0.0, 0.0, 0.0, 0.0, 0.0, 0.0, 0.0, 0.0, 0.0, 0.0, 0.0, 0.0, 0.0, 0.0, 0.0, 0.0, 0.0, 0.0, 0.0, 0.0, 0.0, 0.0, 0.0, 0.0, 0.0, 0.0, 0.0, 0.0, 0.0, 0.0, 0.0, 0.0, 0.0, 0.0, 0.0, 0.0, 0.0, 0.0, 0.0, 0.0, 0.0, 0.0, 0.0, 0.0, 0.0, 0.0, 0.0, 0.0, 0.0, 0.0]

[0.7687499999999999, 0.825, 0.88125, 0.825, 0.80625, 0.75, 0.69375, 0.88125, 0.95625, 0.95625, 1.10625, 1.3312499999999998, 1.575, 1.9312500000000001, 2.1374999999999997, 2.4375, 2.11875, 1.875, 1.6875, 1.4625000000000001, 1.3312499999999998, 1.2375, 1.125, 0.9750000000000001, 0.84375, 0.75, 0.5625, 0.20625, 0.0, 0.0, 0.0, 0.0, 0.0, 0.0, 0.0, 0.0, 0.0, 0.0, 0.0, 0.0, 0.0, 0.0375, 0.09375, 0.2625, 0.33749999999999997, 0.43125, 0.5625, 0.6, 0.7125, 0.99375, 0.9375, 0.88125, 0.95625, 1.0687499999999999, 1.18125, 1.1625, 1.25625, 1.21875, 1.03125, 0.7875, 0.46875, 0.13125, 0.0, 0.0, 0.0, 0.0, 0.0, 0.0, 0.0, 0.0, 0.0, 0.0, 0.0, 0.0, 0.0, 0.0, 0.0, 0.0, 0.0, 0.0]

[0.9375, 0.95625, 0.95625, 0.95625, 0.95625, 0.9375, 0.95625, 0.9750000000000001, 1.0125000000000002, 1.18125, 1.14375, 1.0687499999999999, 0.9750000000000001, 0.9375, 0.8625, 0.7875, 0.7125, 0.61875, 0.58125, 0.5625, 0.525, 0.46875, 0.43125, 0.39375, 0.35625, 0.28125, 0.2625, 0.20625, 0.20625, 0.15, 0.13125, 0.09375, 0.075, 0.0375, 0.01875, 0.01875, 0.0, 0.0, 0.0, 0.0, 0.0, 0.0, 0.0, 0.01875, 0.0375, 0.16874999999999998, 0.28125, 0.375, 0.48750000000000004, 0.525, 0.6, 0.61875, 0.7687499999999999, 0.84375, 0.99375, 1.125, 1.21875, 1.44375, 1.4625000000000001, 1.14375, 0.8999999999999999, 0.7125, 0.6375000000000001, 0.54375, 0.6375000000000001, 0.6, 0.58125, 0.5625, 0.5062500000000001, 0.5062500000000001, 0.5062500000000001, 0.43125, 0.46875, 0.35625, 0.31875000000000003, 0.20625, 0.075, 0.0, 0.0, 0.0]

[0.5062500000000001, 0.48750000000000004, 0.5062500000000001, 0.525, 0.525, 0.525, 0.525, 0.525, 0.54375, 0.525, 0.54375, 0.54375, 0.6, 0.65625, 0.65625, 0.69375, 0.75, 0.75, 0.7687499999999999, 0.65625, 0.8999999999999999, 0.7875, 1.14375, 1.3312499999999998, 1.25625, 1.14375, 0.99375, 0.99375, 0.91875, 0.825, 0.7125, 0.61875, 0.58125, 0.7312500000000001, 0.99375, 1.2750000000000001, 1.65, 1.6875, 1.66875, 1.29375, 1.3499999999999999, 1.2375, 0.80625, 0.16874999999999998, 0.0, 0.0, 0.0, 0.0, 0.0, 0.0, 0.0, 0.0, 0.0, 0.0, 0.0, 0.0, 0.0, 0.0, 0.0, 0.0, 0.0, 0.0, 0.0, 0.0, 0.0, 0.0, 0.0, 0.0, 0.0, 0.0375, 0.13125, 0.22499999999999998, 0.31875000000000003, 0.28125, 0.3, 0.15, 0.056249999999999994, 0.0, 0.0, 0.0]

[0.7875, 0.7875, 0.825, 0.7687499999999999, 0.7875, 0.75, 0.7875, 0.825, 0.8999999999999999, 0.8999999999999999, 0.9375, 1.25625, 1.4625000000000001, 1.725, 2.11875, 2.2312499999999997, 2.53125, 2.26875, 2.04375, 1.51875, 1.0125000000000002, 0.46875, 0.056249999999999994, 0.0, 0.0, 0.0, 0.0, 0.0, 0.0, 0.0, 0.0, 0.24375000000000002, 0.4125, 0.5625, 0.6749999999999999, 0.7875, 0.9375, 1.0125000000000002, 1.0687499999999999, 1.125, 1.18125, 1.25625, 1.3312499999999998, 1.3875, 1.40625, 1.3125, 1.2750000000000001, 1.2750000000000001, 1.36875, 1.4625000000000001, 1.5374999999999999, 1.6875, 2.0625, 2.3625, 2.41875, 2.86875, 3.3, 3.525, 3.69375, 3.76875, 3.73125, 3.9375, 3.95625, 4.18125, 4.0125, 3.975, 3.8062499999999995, 3.375, 3.46875, 3.1875, 3.35625, 3.24375, 3.3, 3.3375, 2.9250000000000003, 2.4562500000000003, 2.25, 2.11875, 1.9312500000000001, 1.9312500000000001]

[0.54375, 0.54375, 0.58125, 0.5062500000000001, 0.48750000000000004, 0.5062500000000001, 0.54375, 0.58125, 0.61875, 0.6375000000000001, 0.7312500000000001, 0.9375, 1.125, 1.425, 1.6125, 1.9125, 1.8375, 1.875, 2.0250000000000004, 1.89375, 1.7625, 1.8375, 1.9875, 2.1937499999999996, 2.6062499999999997, 2.64375, 2.8125, 2.9625000000000004, 3.09375, 3.46875, 4.0125, 3.7125, 3.69375, 3.8812499999999996, 4.29375, 4.70625, 4.59375, 3.8625000000000003, 4.2375, 4.387499999999999, 4.2749999999999995, 4.125, 4.0125, 3.69375, 3.50625, 3.3937500000000003, 3.28125, 3.28125, 3.35625, 3.24375, 3.1875, 3.3, 3.525, 3.75, 3.7875, 3.8812499999999996, 3.9000000000000004, 3.9375, 3.975, 4.06875, 4.03125, 3.9375, 3.8812499999999996, 3.8625000000000003, 3.65625, 3.5437499999999997, 3.0749999999999997, 2.5500000000000003, 2.1374999999999997, 1.725, 1.5, 1.2375, 0.9750000000000001, 0.95625, 0.84375, 0.84375, 0.84375, 0.84375, 0.88125, 1.0875]

[0.61875, 0.6375000000000001, 0.61875, 0.61875, 0.65625, 0.58125, 0.61875, 0.65625, 0.75, 0.7875, 1.2375, 1.125, 1.65, 1.7625, 1.59375, 1.70625, 1.7999999999999998, 1.9312500000000001, 1.96875, 2.04375, 2.00625, 2.0812500000000003, 2.04375, 2.00625, 1.875, 1.8375, 1.85625, 2.04375, 2.00625, 2.1, 2.00625, 2.1937499999999996, 2.1374999999999997, 2.04375, 2.00625, 2.04375, 1.51875, 1.03125, 0.7687499999999999, 0.4125, 0.1875, 0.056249999999999994, 0.0, 0.0, 0.0, 0.0, 0.0, 0.13125, 0.48750000000000004, 0.7875, 0.9375, 0.8625, 0.69375, 0.5062500000000001, 0.4125, 0.35625, 0.2625, 0.20625, 0.15, 0.09375, 0.01875, 0.0, 0.0, 0.0, 0.0, 0.0, 0.0, 0.0, 0.0, 0.0, 0.0, 0.0, 0.0, 0.0, 0.0, 0.0, 0.0, 0.0, 0.0, 0.0]

[0.4125, 0.43125, 0.44999999999999996, 0.4125, 0.43125, 0.4125, 0.4125, 0.43125, 0.5062500000000001, 0.375, 0.48750000000000004, 0.43125, 0.65625, 0.61875, 1.21875, 1.7999999999999998, 1.63125, 1.9125, 1.7999999999999998, 1.7437500000000001, 1.65, 1.63125, 1.51875, 1.425, 1.3125, 1.0125000000000002, 0.65625, 0.39375, 0.11249999999999999, 0.11249999999999999, 0.075, 0.056249999999999994, 0.0375, 0.0375, 0.0375, 0.01875, 0.056249999999999994, 0.09375, 0.11249999999999999, 0.13125, 0.15, 0.13125, 0.13125, 0.15, 0.1875, 0.3, 0.375, 0.33749999999999997, 0.20625, 0.15, 0.09375, 0.056249999999999994, 0.0375, 0.0375, 0.0375, 0.0375, 0.056249999999999994, 0.056249999999999994, 0.0375, 0.0375, 0.0375, 0.01875, 0.0, 0.0, 0.0, 0.0, 0.0, 0.0, 0.0, 0.0, 0.0, 0.0, 0.0, 0.0, 0.0, 0.0, 0.0, 0.0, 0.0, 0.0]

[0.6, 0.6, 0.65625, 0.7687499999999999, 0.8625, 0.84375, 0.7687499999999999, 0.61875, 0.65625, 0.80625, 0.8999999999999999, 0.99375, 1.14375, 1.575, 1.6875, 2.2125, 2.0625, 2.11875, 2.04375, 1.8375, 1.78125, 1.85625, 1.6125, 0.8999999999999999, 0.0375, 0.0, 0.0, 0.0, 0.0, 0.0, 0.0, 0.0, 0.0, 0.0, 0.0, 0.0, 0.0, 0.0, 0.33749999999999997, 1.0875, 1.5, 2.1, 2.34375, 2.4, 3.09375, 4.06875, 5.324999999999999, 6.9375, 8.34375, 9.3375, 10.51875, 11.04375, 11.137500000000001, 10.893749999999999, 10.443750000000001, 9.3375, 8.49375, 7.762499999999999, 7.65, 6.7875000000000005, 6.54375, 6.3, 6.393750000000001, 5.98125, 5.7, 5.25, 5.0625, 4.65, 3.8812499999999996, 3.2625, 2.6062499999999997, 2.4562500000000003, 2.4562500000000003, 2.4375, 1.9125, 1.18125, 1.10625, 0.80625, 0.75, 0.84375]

