0.05608081817626953
0.02932262420654297
0.0280609130859375
0.043468475341796875
0.04465985298156738
0.056014299392700195
0.05379796028137207
0.0485079288482666
0.047504425048828125
0.04530739784240723
0.056664228439331055
0.06158113479614258
0.04071235656738281
0.051004886627197266
0.04905366897583008
0.05431175231933594
0.04509568214416504
0.05202007293701172
0.051434993743896484
0.04341411590576172
0.047215938568115234
0.04143476486206055
0.05072474479675293
0.04079318046569824
0.059769630432128906
0.053278446197509766
0.04580807685852051
0.04906058311462402
0.04340004920959473
0.056479454040527344
0.04969334602355957
0.04667377471923828
0.04717612266540527
0.043244123458862305
0.05137443542480469
0.06178092956542969
0.04529595375061035
0.04445672035217285
0.054447174072265625
0.05259370803833008
0.05898785591125488
0.044629573822021484
0.04506683349609375
0.05289626121520996
0.04600334167480469
0.05890321731567383
0.04164838790893555
0.04341244697570801
0.05613350868225098
0.04044222831726074
0.04289555549621582
0.05435633659362793
0.041570425033569336
0.050296783447265625
0.05990409851074219
0.047103166580200195
0.05310463905334473
0.04352831840515137
0.04569363594055176
0.06644821166992188
0.057462215423583984
0.03969764709472656
0.047994375228881836
0.05794477462768555
0.06198835372924805
0.044129133224487305
0.047237396240234375
0.052231788635253906
0.03177666664123535
0.05263018608093262
0.05362582206726074
0.04445362091064453
0.052927255630493164
0.047952890396118164
0.05868411064147949
0.04235506057739258
0.05878591537475586
0.05101418495178223
0.049817562103271484
0.045392513275146484
0.061231374740600586
0.04696178436279297
0.04992794990539551
0.05296206474304199
0.050698280334472656
0.056284189224243164
0.0619657039642334
0.05214571952819824
0.042937517166137695
0.04522848129272461
0.04610586166381836
0.04956221580505371
0.041631460189819336
0.04288339614868164
0.04362750053405762
0.042450904846191406
0.056699514389038086
0.053092241287231445
0.05311155319213867
0.04622817039489746
0.06235980987548828
0.05425000190734863
0.05444598197937012
0.04925084114074707
0.05746054649353027
0.044977664947509766
0.053292036056518555
0.04746651649475098
0.047451019287109375
0.04439139366149902
0.0502016544342041
0.04358077049255371
0.04618549346923828
0.05003523826599121
0.05662035942077637
0.0538630485534668
0.04987835884094238
0.03815150260925293
0.04662942886352539
0.05386018753051758
0.03680300712585449
0.04680681228637695
0.0438840389251709
0.05096077919006348
0.04051041603088379
0.05464315414428711
0.05492234230041504
0.0538022518157959
0.04469132423400879
0.04070854187011719
0.05777907371520996
0.047185659408569336
0.046053171157836914
0.04573321342468262
0.054334163665771484
0.05016160011291504
0.05053114891052246
0.05160403251647949
0.04808783531188965
0.04904675483703613
0.049033403396606445
0.05283999443054199
0.04944324493408203
0.053292036056518555
0.04929780960083008
0.0583491325378418
0.04811263084411621
0.04939436912536621
0.05164647102355957
0.04890727996826172
0.055846214294433594
0.05267214775085449
0.05876493453979492
0.04428744316101074
0.036693572998046875
0.05218386650085449
0.04996132850646973
0.048613786697387695
0.05104827880859375
0.04147481918334961
0.06131577491760254
0.052330732345581055
0.05314946174621582
0.053813934326171875
0.05279231071472168
0.05782270431518555
0.04935026168823242
0.04834270477294922
0.04861855506896973
0.05447745323181152
0.04942941665649414
0.0498957633972168
0.05187726020812988
0.06297183036804199
0.055764198303222656
0.04880666732788086
0.047257423400878906
0.062467336654663086
0.06059885025024414
0.05317378044128418
0.05303597450256348
0.05010819435119629
0.05336403846740723
0.05352067947387695
0.05674171447753906
0.054285526275634766
0.044025421142578125
0.05667877197265625
0.04711461067199707
0.05232381820678711
0.049918174743652344
0.04870343208312988
0.04771733283996582
0.05379772186279297
0.049310922622680664
0.0490877628326416
0.05367255210876465
0.04943704605102539
0.04220700263977051
0.04539966583251953
0.049825191497802734
0.050858259201049805
0.05715012550354004
0.06235647201538086
0.0507655143737793
0.05176186561584473
0.04309201240539551
0.05777478218078613
0.04787874221801758
0.04903101921081543
0.047086477279663086
0.04699110984802246
0.05734729766845703
0.029764652252197266
0.04025554656982422
0.044370412826538086
0.05136680603027344
0.05154609680175781
0.04674124717712402
0.05400514602661133
0.060103416442871094
0.054985761642456055
0.05499744415283203
0.04420924186706543
0.045122385025024414
0.06496429443359375
0.05689048767089844
0.051445722579956055
0.05254220962524414
0.0384984016418457
0.050183773040771484
0.04729270935058594
0.04453778266906738
0.048158884048461914
0.05174541473388672
0.059715986251831055
0.05014657974243164
0.0291745662689209
0.04969501495361328
0.04710960388183594
0.057001590728759766
0.04970908164978027
0.04905200004577637
0.05010819435119629
0.054097652435302734
0.04969453811645508
0.04960036277770996
0.048731088638305664
0.05600404739379883
0.050583600997924805
0.05545783042907715
0.050244808197021484
0.04268383979797363
0.048974037170410156
0.05321311950683594
0.05500936508178711
0.05078315734863281
0.0460507869720459
0.05734562873840332
0.052668094635009766
0.0402374267578125
0.049295902252197266
0.055570363998413086
0.04572629928588867
0.0403285026550293
0.04860877990722656
0.050609588623046875
0.044690847396850586
0.04187726974487305
0.049002647399902344
0.05797767639160156
0.05058431625366211
0.05958700180053711
0.052503347396850586
0.05252337455749512
0.05581235885620117
0.04688096046447754
0.04909062385559082
0.04631686210632324
0.04120063781738281
0.04352307319641113
0.04189658164978027
0.04192924499511719
0.06055736541748047
0.03844308853149414
0.04501080513000488
0.04328441619873047
0.05188584327697754
0.05630826950073242
0.05173444747924805
0.05203557014465332
0.04360365867614746
0.048722267150878906
0.061537981033325195
0.0539240837097168
0.04264116287231445
0.04961061477661133
0.0505828857421875
0.04446148872375488
0.05309724807739258
0.05315446853637695
0.05856728553771973
0.042205095291137695
0.0506439208984375
0.03992128372192383
0.053890228271484375
0.04835152626037598
0.04402351379394531
0.055712223052978516
0.05869102478027344
0.049959659576416016
0.058054447174072266
0.05121898651123047
0.05493807792663574
0.03708457946777344
0.04048919677734375
0.06096529960632324
0.053879499435424805
0.04511857032775879
0.039307594299316406
0.06104230880737305
0.04889822006225586
0.05883431434631348
0.05259442329406738
0.04725456237792969
0.04829144477844238
0.043270111083984375
0.059998273849487305
0.05128884315490723
0.035895347595214844
0.04910421371459961
0.05997586250305176
0.054342031478881836
0.040995121002197266
0.04735755920410156
0.0460202693939209
0.0396418571472168
0.05923604965209961
0.04921078681945801
0.04285931587219238
0.06007838249206543
0.04665517807006836
0.043641090393066406
0.04900383949279785
0.04665231704711914
0.046529293060302734
0.05675697326660156
0.04490160942077637
0.04465889930725098
0.04517674446105957
0.04007387161254883
0.059922218322753906
0.050603389739990234
0.053423404693603516
0.03749203681945801
0.06453227996826172
0.029205799102783203
0.027791976928710938
0.027780532836914062
0.0460820198059082
0.05301690101623535
0.053258419036865234
0.04399991035461426
0.046378135681152344
0.04887723922729492
0.056684255599975586
0.04691147804260254
0.056040287017822266
0.06277012825012207
0.06042194366455078
0.057141780853271484
0.05149698257446289
0.04682588577270508
0.046722412109375
0.0518341064453125
0.054939985275268555
0.058828115463256836
0.048477888107299805
0.05270957946777344
0.05875658988952637
0.04211854934692383
0.0485692024230957
0.05877089500427246
0.04201674461364746
0.03631281852722168
0.04193568229675293
0.04384899139404297
0.058757781982421875
0.053174734115600586
0.050340890884399414
0.05675220489501953
0.06230974197387695
0.04964327812194824
0.05463242530822754
0.03983449935913086
0.0634765625
0.05945777893066406
0.04477500915527344
0.044267892837524414
0.049199581146240234
0.051354169845581055
0.045281410217285156
0.05198931694030762
0.053633689880371094
0.04549241065979004
0.04847311973571777
0.0393376350402832
0.058255910873413086
0.04461860656738281
0.046567440032958984
0.046209096908569336
0.04357576370239258
0.05444931983947754
0.042372703552246094
0.04245424270629883
0.057437896728515625
0.043587446212768555
0.04638195037841797
0.04881095886230469
0.05315065383911133
0.034308433532714844
0.053289175033569336
0.05793452262878418
0.045975685119628906
0.04526066780090332
0.04128718376159668
0.04875826835632324
0.06513738632202148
0.05297541618347168
0.046733856201171875
0.060341835021972656
0.054296255111694336
0.057565927505493164
0.04098916053771973
0.056858062744140625
0.04530072212219238
0.04760932922363281
0.05181479454040527
0.06511735916137695
0.048102378845214844
0.05128121376037598
0.05488252639770508
0.0516207218170166
0.05331730842590332
0.03578829765319824
0.03796720504760742
0.053208351135253906
0.04398632049560547
0.04597973823547363
0.042510986328125
0.04709339141845703
0.060549020767211914
0.04389691352844238
0.049553871154785156
0.044358253479003906
0.052455902099609375
0.05333852767944336
0.037432193756103516
0.047331809997558594
0.05242037773132324
0.04810214042663574
0.054685354232788086
0.05153799057006836
0.04280900955200195
0.04557609558105469
0.05880928039550781
0.04589557647705078
0.05220198631286621
0.050614118576049805
0.04900193214416504
0.05305767059326172
0.0430753231048584
0.049839019775390625
0.05594444274902344
0.05883216857910156
0.051004648208618164
0.04946422576904297
0.050653696060180664
0.04831814765930176
0.045545101165771484
0.05787539482116699
0.04280734062194824
0.04683375358581543
0.04849720001220703
0.04409074783325195
0.030503034591674805
0.051706790924072266
0.047586917877197266
0.050142526626586914
0.05603504180908203
0.05465841293334961
0.04945564270019531
0.05527687072753906
0.05089926719665527
0.046796321868896484
0.06043505668640137
0.051421165466308594
0.05271100997924805
0.04161500930786133
0.05549883842468262
0.0474848747253418
0.047573089599609375
0.05011105537414551
0.04345440864562988
0.053865909576416016
0.046485185623168945
0.04340028762817383
0.04472780227661133
0.05887007713317871
0.060979366302490234
0.0609283447265625
0.0484623908996582
0.030483245849609375
0.044310808181762695
0.04545116424560547
0.04891538619995117
0.04955792427062988
0.04718804359436035
0.05535387992858887
0.055556535720825195
0.05651426315307617
0.051203250885009766
0.04477691650390625
0.04685854911804199
0.054416656494140625
0.05983901023864746
0.05264878273010254
0.0463862419128418
0.05915975570678711
0.048882246017456055
0.0548100471496582
0.04709482192993164
0.046317338943481445
0.057074785232543945
0.055965423583984375
0.044129371643066406
0.04893684387207031
0.0486910343170166
0.04614877700805664
0.05381894111633301
0.052969932556152344
0.05518937110900879
0.052399635314941406
0.04233193397521973
0.04408717155456543
0.055898189544677734
0.049613237380981445
0.049051523208618164
0.05325198173522949
0.04618573188781738
0.046807289123535156
0.05007028579711914
0.05539417266845703
0.03901982307434082
0.03951144218444824
0.05250906944274902
0.05438375473022461
0.05015373229980469
0.04840373992919922
0.050603628158569336
0.052205562591552734
0.03800320625305176
0.04614448547363281
0.05443572998046875
0.05273079872131348
0.054702043533325195
0.0560152530670166
0.05759119987487793
0.04473567008972168
0.04674577713012695
0.054162025451660156
0.05115318298339844
0.04355907440185547
0.06889176368713379
0.05115652084350586
0.03953385353088379
0.0484766960144043
0.05190229415893555
0.05621743202209473
0.038210153579711914
0.03775811195373535
0.04609990119934082
0.04718971252441406
0.054414987564086914
0.0528872013092041
0.040700674057006836
0.0435786247253418
0.047261714935302734
0.04778146743774414
0.057236671447753906
0.052790164947509766
0.05808305740356445
0.050412893295288086
0.0451664924621582
0.044001102447509766
0.056310415267944336
0.044484615325927734
0.04850125312805176
0.04644656181335449
0.04392123222351074
0.051156044006347656
0.04778790473937988
0.03333306312561035
0.058035850524902344
0.05253720283508301
0.05712461471557617
0.04696917533874512
0.04699230194091797
0.05039405822753906
0.05673575401306152
0.047863006591796875
0.043211936950683594
0.04719805717468262
0.04598546028137207
0.05582118034362793
0.04375100135803223
0.04554629325866699
0.0392460823059082
0.046962738037109375
0.05122184753417969
0.045412302017211914
0.05717730522155762
0.04080796241760254
0.0479280948638916
0.05576348304748535
0.04761767387390137
0.053777217864990234
0.04862332344055176
0.05107712745666504
0.04625082015991211
0.045687198638916016
0.056086063385009766
0.04706430435180664
0.04609394073486328
0.05437898635864258
0.06654763221740723
0.05482745170593262
0.0475621223449707
0.048660993576049805
0.04694366455078125
0.04433631896972656
0.042638301849365234
0.04097318649291992
0.04294395446777344
0.05194091796875
0.05338644981384277
0.05135035514831543
0.05240583419799805
0.06286406517028809
0.05543971061706543
0.057622671127319336
0.06031656265258789
0.04664945602416992
0.05853557586669922
0.043517112731933594
0.05644702911376953
0.056861162185668945
0.045755863189697266
0.044336795806884766
0.05396223068237305
0.05359292030334473
0.050127267837524414
0.04659390449523926
0.049344778060913086
0.045905113220214844
0.05109119415283203
0.04563593864440918
0.04604005813598633
0.034139394760131836
0.04094672203063965
0.03943634033203125
0.05409693717956543
0.04517102241516113
0.04664134979248047
0.052632808685302734
0.056585073471069336
0.05060172080993652
0.05086207389831543
0.04815387725830078
0.05673956871032715
0.04462909698486328
0.04525899887084961
0.05010342597961426
0.04137086868286133
0.04485654830932617
0.0462038516998291
0.04857301712036133
0.044896602630615234
0.05113554000854492
0.05874991416931152
0.04740571975708008
0.047347068786621094
0.04251217842102051
0.027813196182250977
0.03815937042236328
0.04029417037963867
0.04927659034729004
0.04387307167053223
0.05088448524475098
0.045418739318847656
0.0523066520690918
0.054357051849365234
0.04854869842529297
0.053932905197143555
0.04909348487854004
0.06017255783081055
0.05385613441467285
0.04385995864868164
0.041632652282714844
0.0309600830078125
0.05745553970336914
0.06405496597290039
0.04631447792053223
0.05359506607055664
0.04328560829162598
0.06396603584289551
0.041402578353881836
0.0429837703704834
0.058450937271118164
0.05745100975036621
0.037413835525512695
0.05333399772644043
0.04742789268493652
0.047234296798706055
0.04663443565368652
0.04920649528503418
0.04387474060058594
0.04172182083129883
0.05494356155395508
0.04085063934326172
0.04488968849182129
0.04988813400268555
0.04649639129638672
0.04560446739196777
0.05228567123413086
0.04707527160644531
0.04422783851623535
0.050878047943115234
0.05267834663391113
0.050096988677978516
0.050676584243774414
0.04640913009643555
0.05931997299194336
0.044985055923461914
0.05107450485229492
0.050441741943359375
0.042137861251831055
0.05144786834716797
0.055547237396240234
0.05718207359313965
0.045978546142578125
0.04722857475280762
0.0421450138092041
0.043617963790893555
0.04666733741760254
0.038294315338134766
0.04296088218688965
0.053961992263793945
0.04512810707092285
0.03838205337524414
0.05343437194824219
0.05033683776855469
0.05350494384765625
0.04731917381286621
0.05415201187133789
0.04671502113342285
0.049453020095825195
0.05679750442504883
0.06383705139160156
0.05055952072143555
0.05201458930969238
0.05318641662597656
0.04307723045349121
0.05804038047790527
0.05053424835205078
0.04319119453430176
0.04018568992614746
0.04923701286315918
0.06041312217712402
0.06311202049255371
0.045534372329711914
0.05139040946960449
0.05492734909057617
0.04439353942871094
0.05003237724304199
0.058565378189086914
0.0556635856628418
0.05389690399169922
0.04743838310241699
0.04795527458190918
0.05279994010925293
0.05638766288757324
0.040319204330444336
0.0508732795715332
0.04445171356201172
0.05048561096191406
0.045087575912475586
0.046134233474731445
0.044396162033081055
0.055474281311035156
0.046895742416381836
0.04835987091064453
0.04596829414367676
0.05043935775756836
0.060770273208618164
0.04814338684082031
0.059494733810424805
0.04469108581542969
0.0450594425201416
0.04691195487976074
0.04298067092895508
0.06115365028381348
0.04594564437866211
0.039098262786865234
0.030611515045166016
0.03960061073303223
0.05629158020019531
0.0580902099609375
0.042812347412109375
0.058501482009887695
0.05356645584106445
0.045798301696777344
0.051535606384277344
0.04549908638000488
0.046440839767456055
0.06490945816040039
0.05083346366882324
0.04250955581665039
0.04854226112365723
0.042983293533325195
0.054193735122680664
0.04256486892700195
0.03874969482421875
0.0518651008605957
0.0514371395111084
0.06016993522644043
0.041045188903808594
0.046677589416503906
0.042139291763305664
0.05151867866516113
0.05588102340698242
0.03265047073364258
0.05071091651916504
0.04319047927856445
0.0518031120300293
0.05367302894592285
0.04385972023010254
0.05301260948181152
0.04320883750915527
0.06035304069519043
0.03871560096740723
0.03898262977600098
0.06335663795471191
0.04583597183227539
0.04678797721862793
0.04743337631225586
0.05112314224243164
0.04317021369934082
0.05314350128173828
0.047342777252197266
0.059804677963256836
0.05302000045776367
0.04996323585510254
0.0480806827545166
0.040143489837646484
0.05614757537841797
0.05859780311584473
0.05552172660827637
0.04520153999328613
0.04566025733947754
0.05578947067260742
0.057160377502441406
0.055054426193237305
0.052672624588012695
0.04109668731689453
0.04448533058166504
0.04510498046875
0.0446162223815918
0.05431818962097168
0.050742387771606445
0.05353808403015137
0.04635214805603027
0.04762864112854004
0.05003213882446289
0.0428624153137207
0.053603410720825195
0.04452180862426758
0.043970584869384766
0.039954423904418945
0.04146838188171387
0.04891371726989746
0.05407404899597168
0.050652265548706055
0.05202484130859375
0.058603763580322266
0.06303691864013672
0.04265475273132324
0.052295684814453125
0.05464792251586914
0.056839942932128906
0.04469418525695801
0.043611764907836914
0.05614495277404785
0.048830270767211914
0.04605460166931152
0.03590965270996094
0.05596423149108887
0.05074143409729004
0.04993414878845215
0.04671430587768555
0.039997100830078125
0.04278969764709473
0.04778146743774414
0.050333499908447266
0.05544734001159668
0.054529666900634766
0.058480262756347656
0.04190850257873535
0.05542278289794922
0.06275725364685059
0.05548548698425293
0.04778766632080078
0.05172419548034668
0.05205726623535156
0.05418896675109863
0.05797100067138672
0.05435895919799805
0.0549006462097168
0.04086923599243164
0.0489199161529541
0.05523514747619629
0.05134892463684082
0.03951883316040039
0.056199073791503906
0.047341346740722656
0.05117321014404297
0.04663395881652832
0.057173728942871094
0.05749773979187012
0.05863380432128906
0.04582858085632324
0.042160749435424805
0.04769706726074219
0.06047964096069336
0.05264163017272949
0.04549574851989746
0.052413225173950195
0.04786849021911621
0.04511594772338867
0.04727625846862793
0.05056929588317871
0.04519009590148926
0.043890953063964844
0.05115246772766113
0.05425429344177246
0.050307512283325195
0.05329775810241699
0.05668449401855469
0.04983258247375488
0.052271127700805664
0.04539322853088379
0.041892290115356445
0.046118736267089844
0.05548691749572754
0.048165321350097656
0.052498579025268555
0.03863978385925293
0.042534828186035156
0.041201114654541016
0.04838418960571289
0.053198814392089844
0.050359487533569336
0.05471515655517578
0.050757408142089844
0.05962967872619629
0.05438804626464844
0.05402016639709473
0.04184246063232422
0.03693985939025879
0.04819941520690918
0.05282878875732422
0.05464434623718262
0.0474696159362793
0.04703235626220703
0.0449216365814209
0.05087018013000488
0.05117154121398926
0.04462385177612305
0.04393720626831055
0.05058097839355469
0.03867936134338379
0.04664158821105957
0.04784727096557617
0.04932689666748047
0.061148643493652344
0.05792593955993652
0.031047582626342773
0.0548858642578125
0.05727386474609375
0.04519033432006836
0.054482460021972656
0.05723309516906738
0.054064035415649414
0.04488945007324219
0.040194034576416016
0.05463862419128418
0.04911947250366211
0.05361127853393555
0.0487818717956543
0.05151224136352539
0.056684017181396484
0.048690080642700195
0.05094432830810547
0.028055429458618164
0.046431779861450195
0.05930376052856445
0.05700874328613281
0.05004715919494629
0.04646468162536621
0.04375267028808594
0.05985069274902344
0.0515437126159668
0.0459904670715332
0.0532224178314209
0.056371212005615234
0.0538334846496582
0.051898956298828125
0.05275368690490723
0.050217390060424805
0.05292034149169922
0.04380965232849121
0.054213523864746094
0.05561065673828125
0.04906606674194336
0.0505979061126709
0.06406140327453613
0.05227923393249512
0.04366946220397949
0.05402684211730957
0.04679298400878906
0.04985857009887695
0.04652762413024902
0.04712390899658203
0.0501401424407959
0.05564117431640625
0.045221567153930664
0.056009531021118164
0.047910213470458984
0.049549102783203125
0.04441213607788086
0.045356035232543945
0.050180673599243164
0.04826068878173828
0.041962385177612305
0.04816460609436035
0.049599647521972656
0.05225992202758789
0.056093454360961914
0.04743313789367676
0.05150556564331055
0.05988001823425293
0.04589128494262695
0.04332113265991211
0.04419374465942383
0.049289703369140625
0.054979562759399414
0.05082559585571289
0.044802188873291016
0.03923439979553223
0.048212528228759766
0.050406455993652344
0.0507512092590332
0.042456865310668945
0.06331086158752441
0.04858231544494629
0.05579423904418945
0.04436779022216797
0.04628252983093262
0.057821035385131836
0.043966054916381836
0.05496478080749512
0.05076026916503906
0.051358699798583984
0.05004525184631348
0.04203391075134277
0.05325150489807129
0.044808149337768555
0.04734325408935547
0.04828596115112305
0.0508275032043457
0.05029463768005371
0.052773475646972656
0.04699993133544922
0.02864694595336914
0.03855323791503906
0.04038572311401367
0.03922319412231445
0.04097342491149902
0.045934438705444336
0.0404658317565918
0.04444122314453125
0.046407461166381836
0.04896402359008789
0.04586386680603027
0.043022871017456055
0.04353618621826172
0.04484677314758301
0.040926218032836914
0.04740285873413086
0.04897880554199219
0.031336307525634766
0.028545856475830078
0.02886343002319336
0.05700206756591797
0.04883551597595215
0.0512545108795166
0.03992009162902832
0.05235123634338379
0.048606157302856445
0.03943228721618652
0.046019792556762695
0.04212331771850586
0.043622732162475586
0.031615257263183594
0.05289411544799805
0.046570777893066406
0.03770804405212402
0.04459118843078613
0.043913841247558594
0.044586896896362305
0.05051064491271973
0.04567360877990723
0.0414576530456543
0.054251670837402344
0.047890663146972656
0.058866024017333984
0.04501676559448242
0.04800152778625488
0.05199313163757324
0.04366588592529297
0.048732757568359375
0.06292366981506348
0.05294060707092285
0.051012516021728516
0.04655742645263672
0.043433189392089844
0.049971580505371094
0.06039881706237793
0.04914069175720215
0.0500185489654541
0.04655289649963379
0.048486948013305664
0.05460357666015625
0.048482418060302734
0.05277895927429199
0.04189801216125488
0.05771517753601074
0.041854143142700195
0.042128801345825195
0.04375028610229492
0.04704022407531738
0.04915881156921387
0.055077552795410156
0.04735732078552246
0.042746543884277344
0.051021575927734375
0.038674354553222656
0.043810367584228516
0.04535651206970215
0.04940938949584961
0.04146528244018555
0.04962944984436035
0.047902584075927734
0.06468081474304199
0.052217721939086914
0.05751347541809082
0.056845903396606445
0.05303955078125
0.04516029357910156
0.04454851150512695
0.048653602600097656
0.04955244064331055
0.04713129997253418
0.04533982276916504
0.039864540100097656
0.046829938888549805
0.060860633850097656
0.041173696517944336
0.04571700096130371
0.04428458213806152
0.05497908592224121
0.05808281898498535
0.05271553993225098
0.043936729431152344
0.04632711410522461
0.049585819244384766
0.054804325103759766
0.038881540298461914
0.04510164260864258
0.05224752426147461
0.03890371322631836
0.04317736625671387
0.04767036437988281
0.05124616622924805
0.053096771240234375
0.058975934982299805
0.05101776123046875
0.053586483001708984
0.046025753021240234
0.04303860664367676
0.047385215759277344
0.05491518974304199
0.04954719543457031
0.04697155952453613
0.04430246353149414
0.04400491714477539
0.04758262634277344
0.05647754669189453
0.0650033950805664
0.0466761589050293
0.053153038024902344
0.04867839813232422
0.046846866607666016
0.046942710876464844
0.04060626029968262
0.059899091720581055
0.04332470893859863
0.05012083053588867
0.03621840476989746
0.05615520477294922
0.04878425598144531
0.05067729949951172
0.0547175407409668
0.052065372467041016
0.0545659065246582
0.05219602584838867
0.0532689094543457
0.04192209243774414
0.04257559776306152
0.05897665023803711
0.046410322189331055
0.04555153846740723
0.04981541633605957
0.04474043846130371
0.06277036666870117
0.05724978446960449
0.05056905746459961
0.04489278793334961
0.0455930233001709
0.05338788032531738
0.05379629135131836
0.04954719543457031
0.04393124580383301
0.05427885055541992
0.048864126205444336
0.052219390869140625
0.04233884811401367
0.04678010940551758
0.05434703826904297
0.04071831703186035
0.04131436347961426
0.04171156883239746
0.05554914474487305
0.05988502502441406
0.04031109809875488
0.06117820739746094
0.045780181884765625
0.042609214782714844
0.0471804141998291
0.04534316062927246
0.05852866172790527
0.05796408653259277
0.05329775810241699
0.05545663833618164
0.05151081085205078
0.06327128410339355
0.042984724044799805
0.04696941375732422
0.04674959182739258
0.042092084884643555
0.043439388275146484
0.053075313568115234
0.043402910232543945
0.04844069480895996
0.040168046951293945
0.05775022506713867
0.052083492279052734
0.05756640434265137
0.04522109031677246
0.05428600311279297
0.056456565856933594
0.0479433536529541
0.05220842361450195
0.04912233352661133
0.060288429260253906
0.05146503448486328
0.04448246955871582
0.05013728141784668
0.04358983039855957
0.04558920860290527
0.06096792221069336
0.04596304893493652
0.05009031295776367
0.0511326789855957
0.04558849334716797
0.049249887466430664
0.046549081802368164
0.048381805419921875
0.05420637130737305
0.048125505447387695
0.054698944091796875
0.050382137298583984
0.04881858825683594
0.05524277687072754
0.045942068099975586
0.050409555435180664
0.053450584411621094
0.04475069046020508
0.0424504280090332
0.05837249755859375
0.05448627471923828
0.05083465576171875
0.04789304733276367
0.04927825927734375
0.05923151969909668
0.047270774841308594
0.052332401275634766
0.05277514457702637
0.05395698547363281
0.04308509826660156
0.045565128326416016
0.04894399642944336
0.0388331413269043
0.040384531021118164
0.04558539390563965
0.04522418975830078
0.04161238670349121
0.03990602493286133
0.04119873046875
0.0669705867767334
0.055345773696899414
0.04546380043029785
0.041669368743896484
0.04867815971374512
0.05394792556762695
0.053526878356933594
0.054262638092041016
0.05400562286376953
0.0522313117980957
0.053795814514160156
0.05707812309265137
0.05693793296813965
0.050546884536743164
0.048668622970581055
0.05891299247741699
0.033029794692993164
0.04805588722229004
0.04246187210083008
0.06220650672912598
0.04039287567138672
0.05983614921569824
0.05455660820007324
0.05327582359313965
0.053288936614990234
0.061737775802612305
0.05205559730529785
0.05483603477478027
0.039289236068725586
0.04967355728149414
0.051482200622558594
0.049750566482543945
0.05384516716003418
0.05154609680175781
0.04279303550720215
0.05357956886291504
0.06388568878173828
0.042351722717285156
0.051425933837890625
0.04584312438964844
0.05333852767944336
0.055329084396362305
0.05635428428649902
0.04102015495300293
0.04952859878540039
0.06476974487304688
0.0432589054107666
0.05855083465576172
0.05962347984313965
0.04510354995727539
0.05277895927429199
0.0441746711730957
0.04416918754577637
0.04632878303527832
0.04060101509094238
0.061304569244384766
0.050605058670043945
0.04256629943847656
0.04532742500305176
0.05944967269897461
0.04039907455444336
0.04693031311035156
0.05141425132751465
0.05284738540649414
0.05176138877868652
0.053501129150390625
0.048438072204589844
0.049828529357910156
0.04465651512145996
0.06211972236633301
0.04570889472961426
0.05133366584777832
0.0450444221496582
0.05309653282165527
0.03838801383972168
0.05591416358947754
0.04431653022766113
0.04994630813598633
0.046571969985961914
0.03853607177734375
0.049092769622802734
0.05571413040161133
0.054702043533325195
0.0463869571685791
0.05292963981628418
0.0479738712310791
0.04517650604248047
0.05055427551269531
0.04517650604248047
0.043932437896728516
0.05994844436645508
0.059977054595947266
0.05646800994873047
0.035622596740722656
0.0436711311340332
0.05905461311340332
0.06065630912780762
0.0454554557800293
0.04750704765319824
0.05022597312927246
0.04368400573730469
0.05786895751953125
0.045712947845458984
0.047763824462890625
0.05773735046386719
0.0490727424621582
0.054641008377075195
0.05512213706970215
0.04688572883605957
0.05015921592712402
0.04941391944885254
0.05578446388244629
0.05383706092834473
0.04300880432128906
0.04742169380187988
0.05026602745056152
0.0474858283996582
0.04414486885070801
0.05551958084106445
0.0520174503326416
0.039685964584350586
0.05012655258178711
0.058806657791137695
0.05046892166137695
0.05368638038635254
0.05691194534301758
0.06180739402770996
0.04712057113647461
0.04272818565368652
0.05030465126037598
0.05639386177062988
0.060193777084350586
0.052086830139160156
0.05750465393066406
0.04407811164855957
0.05375075340270996
0.05677461624145508
0.06089377403259277
0.042328596115112305
0.04304313659667969
0.04822349548339844
0.05881023406982422
0.05111837387084961
0.046895742416381836
0.058321237564086914
0.05889463424682617
0.04780101776123047
0.04652285575866699
0.04996824264526367
0.0480959415435791
0.06162071228027344
0.041017770767211914
0.05787920951843262
0.04507565498352051
0.045824527740478516
0.05222773551940918
0.05118608474731445
0.04457569122314453
0.05031013488769531
0.05014467239379883
0.04441475868225098
0.040427446365356445
0.0485382080078125
0.04800224304199219
0.04085397720336914
0.04716157913208008
0.05127596855163574
0.048899173736572266
0.056525230407714844
0.04583621025085449
0.04543113708496094
0.04453635215759277
0.055541276931762695
0.05201363563537598
0.0447087287902832
0.040480613708496094
0.05038332939147949
0.048249006271362305
0.03718090057373047
0.05263829231262207
0.048615217208862305
0.05145382881164551
0.046340227127075195
0.042774200439453125
0.04357457160949707
0.05023336410522461
0.0636298656463623
0.058264732360839844
0.04541611671447754
0.050195932388305664
0.04762148857116699
0.05909562110900879
0.04793190956115723
0.05367016792297363
0.04994845390319824
0.061226844787597656
0.06040835380554199
0.054506778717041016
0.042943716049194336
0.058908700942993164
0.05196118354797363
0.0622410774230957
0.056693077087402344
0.05576443672180176
0.04173922538757324
0.04373359680175781
0.049547433853149414
0.05727553367614746
0.04863572120666504
0.05476188659667969
0.04574298858642578
0.05008578300476074
0.059133052825927734
0.04382061958312988
0.04798460006713867
0.04538440704345703
0.05266523361206055
0.054071903228759766
0.052260637283325195
0.05069923400878906
0.05765080451965332
0.05833697319030762
0.0489654541015625
0.05103754997253418
0.05138134956359863
0.038712263107299805
0.05778765678405762
0.04709219932556152
0.04851269721984863
0.05238795280456543
0.05779886245727539
0.05144691467285156
0.0520784854888916
0.05190920829772949
0.04358172416687012
0.046587228775024414
0.043326616287231445
0.04241204261779785
0.038912057876586914
0.03506302833557129
0.046923160552978516
0.051291704177856445
0.047805070877075195
0.05333065986633301
0.05763649940490723
0.04810523986816406
0.04215359687805176
0.051076412200927734
0.05582380294799805
0.041663169860839844
0.048532724380493164
0.052811384201049805
0.044527292251586914
0.045688629150390625
0.0563204288482666
0.05466723442077637
0.05455183982849121
0.05333280563354492
0.058139801025390625
0.05422830581665039
0.044931650161743164
0.04687333106994629
0.05470395088195801
0.04296731948852539
0.04093360900878906
0.03911232948303223
0.04633903503417969
0.05796647071838379
0.05861496925354004
0.0470578670501709
0.04485511779785156
0.05147266387939453
0.05580735206604004
0.06011700630187988
0.04842376708984375
0.0442509651184082
0.03756403923034668
0.0444183349609375
0.0541996955871582
0.04751276969909668
0.05037117004394531
0.04468536376953125
0.05568051338195801
0.04086756706237793
0.060523271560668945
0.04940629005432129
0.045638322830200195
0.043546199798583984
0.05652976036071777
0.05651235580444336
0.04540252685546875
0.045583248138427734
0.05360913276672363
0.05675554275512695
0.04843616485595703
0.05622720718383789
0.05055689811706543
0.06093740463256836
0.058020830154418945
0.055802106857299805
0.05040264129638672
0.0388026237487793
0.056809186935424805
0.05334663391113281
0.05849266052246094
0.04489016532897949
0.04654669761657715
0.05265021324157715
0.055593252182006836
0.04436492919921875
0.06012153625488281
0.04801297187805176
0.04923272132873535
0.05471491813659668
0.05009794235229492
0.05390214920043945
0.04636883735656738
0.04892373085021973
0.04148674011230469
0.055860042572021484
0.05155754089355469
0.05508875846862793
0.057898759841918945
0.05107998847961426
0.04830455780029297
0.04533791542053223
0.05512356758117676
0.046810150146484375
0.04459667205810547
0.04638409614562988
0.04796576499938965
0.04343771934509277
0.040340423583984375
0.05059027671813965
0.044007301330566406
0.050269365310668945
0.05430412292480469
0.0531160831451416
0.04866337776184082
0.04120659828186035
0.04784417152404785
0.05468869209289551
0.0529475212097168
0.056015968322753906
0.05006909370422363
0.0665745735168457
0.05361795425415039
0.0515599250793457
0.05086827278137207
0.04386186599731445
0.05007529258728027
0.048610687255859375
0.04753589630126953
0.05240225791931152
0.05137372016906738
0.03450584411621094
0.03774404525756836
0.04158592224121094
0.04026532173156738
0.05066657066345215
0.03903031349182129
0.050594329833984375
0.047629356384277344
0.044379472732543945
0.043378591537475586
0.0501551628112793
0.05535435676574707
0.05042624473571777
0.04499459266662598
0.044501543045043945
0.05279397964477539
0.04729628562927246
0.0486602783203125
0.04522895812988281
0.04959368705749512
0.057933807373046875
0.04744553565979004
0.04308176040649414
0.05400419235229492
0.05545210838317871
0.04529428482055664
0.04981565475463867
0.046538352966308594
0.062319040298461914
0.04871654510498047
0.055211544036865234
0.048793792724609375
0.04787158966064453
0.047936201095581055
0.04327726364135742
0.05589151382446289
0.054325103759765625
0.039339303970336914
0.035105228424072266
0.04786109924316406
0.04602837562561035
0.05234241485595703
0.04813814163208008
0.06232261657714844
0.060713768005371094
0.04961061477661133
0.06183171272277832
0.04061269760131836
0.03481149673461914
0.04940438270568848
0.04869484901428223
0.06150531768798828
0.04755830764770508
0.04633665084838867
0.048348426818847656
0.046399831771850586
0.05188179016113281
0.05475115776062012
0.04477643966674805
0.043263912200927734
0.04087495803833008
0.04590868949890137
0.05328941345214844
0.05751943588256836
0.05330920219421387
0.047447919845581055
0.043697357177734375
0.05619311332702637
0.05413508415222168
0.05424022674560547
0.04061627388000488
0.04350733757019043
0.03517556190490723
0.05608940124511719
0.05184769630432129
0.04066896438598633
0.05533123016357422
0.04165148735046387
0.04532003402709961
0.05149650573730469
0.0461580753326416
0.059368133544921875
0.05200552940368652
0.0439298152923584
0.04729652404785156
0.04467940330505371
0.04145979881286621
0.038066864013671875
0.05226635932922363
0.029862642288208008
0.02817845344543457
0.028167247772216797
0.050072669982910156
0.04501843452453613
0.059609413146972656
0.0524744987487793
0.03914999961853027
0.03831982612609863
0.051688432693481445
0.043756961822509766
0.043871164321899414
0.04779338836669922
0.041561126708984375
0.05444645881652832
0.04255080223083496
0.039481163024902344
0.042371273040771484
0.06054878234863281
0.050655364990234375
0.047319650650024414
0.04606223106384277
0.05401778221130371
0.052416086196899414
0.04693007469177246
0.048241376876831055
0.055922508239746094
0.03552746772766113
0.06347799301147461
0.02884054183959961
0.043051719665527344
0.04677319526672363
0.05055570602416992
0.05655097961425781
0.049825429916381836
0.05162405967712402
0.0471806526184082
0.03871464729309082
0.05149388313293457
0.054474830627441406
0.050958871841430664
0.04944634437561035
0.059190988540649414
0.05364227294921875
0.04823756217956543
0.0537264347076416
0.04279780387878418
0.05277752876281738
0.061234235763549805
0.04962944984436035
0.04090142250061035
0.044905662536621094
0.062071800231933594
0.05710268020629883
0.0531306266784668
0.04749011993408203
0.04438304901123047
0.04645228385925293
0.05663585662841797
0.04688262939453125
0.04488229751586914
0.046597957611083984
0.05401444435119629
0.050978660583496094
0.05891871452331543
0.044077396392822266
0.05896949768066406
0.055329084396362305
0.05706501007080078
0.049646854400634766
0.047330617904663086
0.06310343742370605
0.053858041763305664
0.04959893226623535
0.04591727256774902
0.04530644416809082
0.061879634857177734
0.053061485290527344
0.04987978935241699
0.04782533645629883
0.04207444190979004
0.0396113395690918
0.05591392517089844
0.04567670822143555
0.04718732833862305
0.04960274696350098
0.04819321632385254
0.05085420608520508
0.03991055488586426
0.04883837699890137
0.051553964614868164
0.05749320983886719
0.05509233474731445
0.04292726516723633
0.05169248580932617
0.047820091247558594
0.04838395118713379
0.057445526123046875
0.048627614974975586
0.044794321060180664
0.04665970802307129
0.050159454345703125
0.0529782772064209
0.05166769027709961
0.05235552787780762
0.046411752700805664
0.05915331840515137
0.04461503028869629
0.04303741455078125
0.05566000938415527
0.050437211990356445
0.05159330368041992
0.04688119888305664
0.052509307861328125
0.05071234703063965
0.02923417091369629
0.04940080642700195
0.0468592643737793
0.0535585880279541
0.04988455772399902
0.042987823486328125
0.045252323150634766
0.04925131797790527
0.05350828170776367
0.04200029373168945
0.041097402572631836
0.04556679725646973
0.04656505584716797
0.04188871383666992
0.04838085174560547
0.04444551467895508
0.042482614517211914
0.0514068603515625
0.06199169158935547
0.05020594596862793
0.057825565338134766
0.045352935791015625
0.048254966735839844
0.05395197868347168
0.04806709289550781
0.05264091491699219
0.045409440994262695
0.055700063705444336
0.04928445816040039
0.044550418853759766
0.05626249313354492
0.048738718032836914
0.038304805755615234
0.04926872253417969
0.061766624450683594
0.05543327331542969
0.04095745086669922
0.059093475341796875
0.057134151458740234
0.04690957069396973
0.05038785934448242
0.0446162223815918
0.04924941062927246
0.03826332092285156
0.047430992126464844
0.05661129951477051
0.04886984825134277
0.06333327293395996
0.05750775337219238
0.04387998580932617
0.05218148231506348
0.04701733589172363
0.04631471633911133
0.058005332946777344
0.06018400192260742
0.04244518280029297
0.04827165603637695
0.046091318130493164
0.05136418342590332
0.050766706466674805
0.04250335693359375
0.04199814796447754
0.05461573600769043
0.054476261138916016
0.04742717742919922
0.04876422882080078
0.05123138427734375
0.04804372787475586
0.05129575729370117
0.0526738166809082
0.04554295539855957
0.04859113693237305
0.05796337127685547
0.04970264434814453
0.04486250877380371
0.04083728790283203
0.045186519622802734
0.042606353759765625
0.054839372634887695
0.050838470458984375
0.05591750144958496
0.06044816970825195
0.054406166076660156
0.0657494068145752
0.04951786994934082
0.04404926300048828
0.0458831787109375
0.04780292510986328
0.05560803413391113
0.04929208755493164
0.05837082862854004
0.05162453651428223
0.04091978073120117
0.0557255744934082
0.0500636100769043
0.042794227600097656
0.043846845626831055
0.04985833168029785
0.05262422561645508
0.05374622344970703
0.04937314987182617
0.04292726516723633
0.05335044860839844
0.039162397384643555
0.04696345329284668
0.056966543197631836
0.0480959415435791
0.05971097946166992
0.0572514533996582
0.06162881851196289
0.042530059814453125
0.06025218963623047
0.050887107849121094
0.050455570220947266
0.046382904052734375
0.04373931884765625
0.05829215049743652
0.029126405715942383
0.02806377410888672
0.03139996528625488
0.0406644344329834
0.04294133186340332
0.06007742881774902
0.04761362075805664
0.04525041580200195
0.04595589637756348
0.05172085762023926
0.057152748107910156
0.04853320121765137
0.05832409858703613
0.037409305572509766
0.052184104919433594
0.04571986198425293
0.04968833923339844
0.05245161056518555
0.05404329299926758
0.058673858642578125
0.043790340423583984
0.04709601402282715
0.05164289474487305
0.041864633560180664
0.06412649154663086
0.05406308174133301
0.05243110656738281
0.034113407135009766
0.04625988006591797
0.0535883903503418
0.04560708999633789
0.05123138427734375
0.04849672317504883
0.047393798828125
0.04491281509399414
0.03906369209289551
0.05481457710266113
0.04808330535888672
0.057199954986572266
0.05967402458190918
0.05724740028381348
0.054843902587890625
0.056023359298706055
0.05847883224487305
0.04729032516479492
0.04965925216674805
0.05615091323852539
0.053312063217163086
0.04116344451904297
0.046617984771728516
0.04747939109802246
0.042035579681396484
0.05795454978942871
0.05186104774475098
0.05797934532165527
0.04754209518432617
0.06356477737426758
0.05112004280090332
0.04124879837036133
0.05466437339782715
0.04344534873962402
0.06009554862976074
0.054546356201171875
0.05011916160583496
0.04750561714172363
0.049104928970336914
0.062467098236083984
0.05807995796203613
0.04951000213623047
0.04524827003479004
0.05038619041442871
0.04703688621520996
0.05691409111022949
0.0553128719329834
0.0482640266418457
0.051781654357910156
0.03885626792907715
0.047705888748168945
0.043669700622558594
0.048573970794677734
0.04712724685668945
0.05247902870178223
0.059978485107421875
0.046411752700805664
0.0450284481048584
0.05004000663757324
0.05716252326965332
0.047643184661865234
0.04883456230163574
0.04904317855834961
0.04457497596740723
0.05904507637023926
0.04301643371582031
0.04726099967956543
0.044866085052490234
0.05007624626159668
0.060727596282958984
0.0475919246673584
0.04738903045654297
0.042806386947631836
0.03781247138977051
0.05150556564331055
0.047473907470703125
0.04650115966796875
0.06171083450317383
0.05795431137084961
0.053771018981933594
0.04572916030883789
0.058341026306152344
0.04718422889709473
0.05022740364074707
0.05517125129699707
0.04555106163024902
0.03838944435119629
0.05130147933959961
0.05876755714416504
0.057096242904663086
0.03036212921142578
0.057814598083496094
0.05186939239501953
0.038655996322631836
0.04842543601989746
0.03947019577026367
0.058408260345458984
0.0456540584564209
0.05608868598937988
0.05027484893798828
0.05451226234436035
0.04575014114379883
0.044415950775146484
0.03995800018310547
0.057276248931884766
0.05372190475463867
0.04309344291687012
0.05272555351257324
0.05857348442077637
0.05329704284667969
0.04381561279296875
0.05229043960571289
0.05057072639465332
0.0467531681060791
0.06583952903747559
0.04770398139953613
0.043498992919921875
0.04819345474243164
0.05008816719055176
0.057642221450805664
0.044107675552368164
0.05607271194458008
0.06254363059997559
0.05865144729614258
0.0549464225769043
0.05335402488708496
0.05805802345275879
0.044617414474487305
0.050902605056762695
0.05205273628234863
0.05464649200439453
0.051590681076049805
0.05329561233520508
0.04192233085632324
0.04494309425354004
0.037224769592285156
0.04342079162597656
0.04021954536437988
0.06025195121765137
0.04265117645263672
0.04495382308959961
0.05424833297729492
0.04405617713928223
0.04763960838317871
0.04894447326660156
0.04612612724304199
0.043856143951416016
0.050727128982543945
0.056067705154418945
0.05247855186462402
0.05133414268493652
0.045484066009521484
0.04675912857055664
0.04306769371032715
0.049024105072021484
0.05431485176086426
0.054207563400268555
0.055109262466430664
0.06189703941345215
0.051459550857543945
0.050577402114868164
0.057023048400878906
0.05139923095703125
0.04507875442504883
0.05476498603820801
0.055762529373168945
0.0557553768157959
0.0570073127746582
0.052986860275268555
0.043772220611572266
0.052123308181762695
0.049120426177978516
0.06326460838317871
0.05148768424987793
0.055074214935302734
0.05140066146850586
0.04755687713623047
0.05284833908081055
0.05069160461425781
0.054605960845947266
0.045809268951416016
0.05132150650024414
0.04306602478027344
0.04266214370727539
0.04927492141723633
0.05131244659423828
0.04875802993774414
0.06495928764343262
0.050223350524902344
0.046066999435424805
0.062357187271118164
0.03209424018859863
0.041908979415893555
0.05506634712219238
0.05425596237182617
0.0449671745300293
0.054877519607543945
0.04358410835266113
0.05767512321472168
0.04345512390136719
0.0506596565246582
0.05795907974243164
0.042673587799072266
0.0655517578125
0.052745819091796875
0.04731035232543945
0.04949140548706055
0.04894852638244629
0.05828595161437988
0.05906176567077637
0.05087399482727051
0.06069326400756836
0.05783963203430176
0.05898594856262207
0.05861067771911621
0.04629397392272949
0.040149688720703125
0.04785299301147461
0.042940616607666016
0.05283069610595703
0.04690074920654297
0.05118918418884277
0.05974912643432617
0.05765032768249512
0.04076743125915527
0.04946637153625488
0.052489519119262695
0.057814598083496094
0.050428152084350586
0.048773765563964844
0.0501406192779541
0.04895377159118652
0.03212118148803711
0.04991626739501953
0.04758763313293457
0.03846168518066406
0.05809283256530762
0.057005882263183594
0.05590510368347168
0.046311378479003906
0.05002713203430176
0.05481100082397461
0.055100440979003906
0.05234789848327637
0.04558157920837402
0.040051937103271484
0.06326866149902344
0.05149531364440918
0.04833841323852539
0.040160417556762695
0.05565142631530762
0.04382205009460449
0.04417228698730469
0.036684274673461914
0.05761861801147461
0.04309272766113281
0.03961491584777832
0.05016684532165527
0.060211181640625
0.04790639877319336
0.05056500434875488
0.04639029502868652
0.045503854751586914
0.06140732765197754
0.04222917556762695
0.05024385452270508
0.04858255386352539
0.04364967346191406
0.03989529609680176
0.04250788688659668
0.04649806022644043
0.04428601264953613
0.061130523681640625
0.05233025550842285
0.05248117446899414
0.04460477828979492
0.04288196563720703
0.05311417579650879
0.052845001220703125
0.04588818550109863
0.04670572280883789
0.053409576416015625
0.048471689224243164
0.05347013473510742
0.047518014907836914
0.04378557205200195
0.0467982292175293
0.05531477928161621
0.053969383239746094
0.045952796936035156
0.04860329627990723
0.0506749153137207
0.05698418617248535
0.05370378494262695
0.0489351749420166
0.05268049240112305
0.05051684379577637
0.043862342834472656
0.05245566368103027
0.0506589412689209
0.04625415802001953
0.05737161636352539
0.03370928764343262
0.04922628402709961
0.04851388931274414
0.051404714584350586
0.05542302131652832
0.051171302795410156
0.03197216987609863
0.04457235336303711
0.05229353904724121
0.052110910415649414
0.05371379852294922
0.04278206825256348
0.05092120170593262
0.05727720260620117
0.04733014106750488
0.05550098419189453
0.051137685775756836
0.04619264602661133
0.049736738204956055
0.04902338981628418
0.04313778877258301
0.0521245002746582
0.046208858489990234
0.05875515937805176
0.04291725158691406
0.04708719253540039
0.04213523864746094
0.0459742546081543
0.0392458438873291
0.06106901168823242
0.05555987358093262
0.043134212493896484
0.04044508934020996
0.04104471206665039
0.0415797233581543
0.041826725006103516
0.05091714859008789
0.05775785446166992
0.04913973808288574
0.04052305221557617
0.042096853256225586
0.03669428825378418
0.03990292549133301
0.049758195877075195
0.05214214324951172
0.0498042106628418
0.04313254356384277
0.05323028564453125
0.04624581336975098
0.04697871208190918
0.05787849426269531
0.05048537254333496
0.0546269416809082
0.04825758934020996
0.046181440353393555
0.04697442054748535
0.05919003486633301
0.05406808853149414
0.04969620704650879
0.04332613945007324
0.045850515365600586
0.05319333076477051
0.05881333351135254
0.06294870376586914
0.04261350631713867
0.05439352989196777
0.05025744438171387
0.05034303665161133
0.037381649017333984
0.04348111152648926
0.047261953353881836
0.05481243133544922
0.04457378387451172
0.04069328308105469
0.05734968185424805
0.05239272117614746
0.05493474006652832
0.05024361610412598
0.04622936248779297
0.04624509811401367
0.05685234069824219
0.04835915565490723
0.0381312370300293
0.042882680892944336
0.0509028434753418
0.05970168113708496
0.034806251525878906
0.04462242126464844
0.04584789276123047
0.056641578674316406
0.060491323471069336
0.05101466178894043
0.0532379150390625
0.0485537052154541
0.04110860824584961
0.04971814155578613
0.058037757873535156
0.052033185958862305
0.042595863342285156
0.05028796195983887
0.05857062339782715
0.05144786834716797
0.041794776916503906
0.04835844039916992
0.050923824310302734
0.05340886116027832
0.05078625679016113
0.05504918098449707
0.03693079948425293
0.0388181209564209
0.06397128105163574
0.041961669921875
0.05870795249938965
0.05036020278930664
0.038019418716430664
0.03874659538269043
0.054010868072509766
0.05522918701171875
0.03654623031616211
0.05254507064819336
0.0599365234375
0.05051541328430176
0.04791378974914551
0.04656243324279785
0.05054640769958496
0.06121420860290527
0.0553743839263916
0.04707789421081543
0.04900240898132324
0.04959607124328613
0.046692848205566406
0.05880022048950195
0.053618431091308594
0.0583953857421875
0.05199265480041504
0.045632123947143555
0.0582582950592041
0.05217719078063965
0.046038150787353516
0.04666566848754883
0.04974174499511719
0.05517983436584473
0.05142045021057129
0.04951119422912598
0.04358959197998047
0.042136430740356445
0.05093526840209961
0.05980706214904785
0.049163818359375
0.049292564392089844
0.05695390701293945
0.05372214317321777
0.05070185661315918
0.04817008972167969
0.046156883239746094
0.04300069808959961
0.059975385665893555
0.0469052791595459
0.04738211631774902
0.04284548759460449
0.06243562698364258
0.05533647537231445
0.055226802825927734
0.06418204307556152
0.05294537544250488
0.060951948165893555
0.05375528335571289
0.05492067337036133
0.04147696495056152
0.03806781768798828
0.05526232719421387
0.05126810073852539
0.04505777359008789
0.04573464393615723
0.04704904556274414
0.0455319881439209
0.054532527923583984
0.04718160629272461
0.05012631416320801
0.0602412223815918
0.05310249328613281
0.05019402503967285
0.04735565185546875
0.04666948318481445
0.05958414077758789
0.05820035934448242
0.04987072944641113
0.06483030319213867
0.04747366905212402
0.04558849334716797
0.05439496040344238
0.04454994201660156
0.05449676513671875
0.04836750030517578
0.05025982856750488
0.05137324333190918
0.06173968315124512
0.05449366569519043
0.05753064155578613
0.04796743392944336
0.059121131896972656
0.05530047416687012
0.04868173599243164
0.0478971004486084
0.048958539962768555
0.05645942687988281
0.06024885177612305
0.051926612854003906
0.05711174011230469
0.04606270790100098
0.05605888366699219
0.05277395248413086
0.05444526672363281
0.05469322204589844
0.04569649696350098
0.05999922752380371
0.05321907997131348
0.04283928871154785
0.05104708671569824
0.04288887977600098
0.060988426208496094
0.03426384925842285
0.0484769344329834
0.04869508743286133
0.04549002647399902
0.04319453239440918
0.05642247200012207
0.04844355583190918
0.0432438850402832
0.050721168518066406
0.0458378791809082
0.0463564395904541
0.04831242561340332
0.04770231246948242
0.05097079277038574
0.0485537052154541
0.0542302131652832
0.05182480812072754
0.044692277908325195
0.04878687858581543
0.05722332000732422
0.05309247970581055
0.05080127716064453
0.052642107009887695
0.04652976989746094
0.060111284255981445
0.047003984451293945
0.05113387107849121
0.04788827896118164
0.04383659362792969
0.054454803466796875
0.0536649227142334
0.05079364776611328
0.04755258560180664
0.04608511924743652
0.04332900047302246
0.053916215896606445
0.040879011154174805
0.04602313041687012
0.04760098457336426
0.05824875831604004
0.04870319366455078
0.0449213981628418
0.04316353797912598
0.04584860801696777
0.05208396911621094
0.04879021644592285
0.04931449890136719
0.04829764366149902
0.058706045150756836
0.04411816596984863
0.06533122062683105
0.06184697151184082
0.0544888973236084
0.05020880699157715
0.05304718017578125
0.057352542877197266
0.06197690963745117
0.05048942565917969
0.05649375915527344
0.05543065071105957
0.05119037628173828
0.05526876449584961
0.048013925552368164
0.04505658149719238
0.03304862976074219
0.04857158660888672
0.0605010986328125
0.04521465301513672
0.056681156158447266
0.05205726623535156
0.05518484115600586
0.060579776763916016
0.04302358627319336
0.04952573776245117
0.04227876663208008
0.049278974533081055
0.050401926040649414
0.04681563377380371
0.06539559364318848
0.05718278884887695
0.05275726318359375
0.05619549751281738
0.048810482025146484
0.0500032901763916
0.05219769477844238
0.055878639221191406
0.04551267623901367
0.056328535079956055
0.052333831787109375
0.04949522018432617
0.04919695854187012
0.03390097618103027
0.04920768737792969
0.04989266395568848
0.04305005073547363
0.058533430099487305
0.05060219764709473
0.05084872245788574
0.04848217964172363
0.04576683044433594
0.057137489318847656
0.05279183387756348
0.050206661224365234
0.04827737808227539
0.05568408966064453
0.0623013973236084
0.04922676086425781
0.05204606056213379
0.04243922233581543
0.048267364501953125
0.05273270606994629
0.04620862007141113
0.05237436294555664
0.03881382942199707
0.03968524932861328
0.05478048324584961
0.05347108840942383
0.05198168754577637
0.04261279106140137
0.0586092472076416
0.05728006362915039
0.049574851989746094
0.0461878776550293
0.0461115837097168
0.061968326568603516
0.05003070831298828
0.046147823333740234
0.04285168647766113
0.046648263931274414
0.03899121284484863
0.050458669662475586
0.04598689079284668
0.044291019439697266
0.04880118370056152
0.04400348663330078
0.06252694129943848
0.058454275131225586
0.0482637882232666
0.052224159240722656
0.04533267021179199
0.058789968490600586
0.05027031898498535
0.04920482635498047
0.05043172836303711
0.05066680908203125
0.05005025863647461
0.06093740463256836
0.048680782318115234
0.05492210388183594
0.040871381759643555
0.04023456573486328
0.061395883560180664
0.049927473068237305
0.04830503463745117
0.0567317008972168
0.056047677993774414
0.057060956954956055
0.051122188568115234
0.055539608001708984
0.055197715759277344
0.047113656997680664
0.04813742637634277
0.04969525337219238
0.05326700210571289
0.05587601661682129
0.049735069274902344
0.0528407096862793
0.05115318298339844
0.04339742660522461
0.03510880470275879
0.05378437042236328
0.05708193778991699
0.04744839668273926
0.049950599670410156
0.05759429931640625
0.04152870178222656
0.049376487731933594
0.052321434020996094
0.04877734184265137
0.05717945098876953
0.05387997627258301
0.03939652442932129
0.058600425720214844
0.04152536392211914
0.04640626907348633
0.054248809814453125
0.04807305335998535
0.046579599380493164
0.05532526969909668
0.058241844177246094
0.05246448516845703
0.048230886459350586
0.05126380920410156
0.042372941970825195
0.04348564147949219
0.042351722717285156
0.052085161209106445
0.05451822280883789
0.05748486518859863
0.05437660217285156
0.05914044380187988
0.04551553726196289
0.045920610427856445
0.059793949127197266
0.059848785400390625
0.05450272560119629
0.045825958251953125
0.05664706230163574
0.05418682098388672
0.042458534240722656
0.04863309860229492
0.054750919342041016
0.052249908447265625
0.056002140045166016
0.05379056930541992
0.047246456146240234
0.05804109573364258
0.04620766639709473
0.039028167724609375
0.05498838424682617
0.042044639587402344
0.05258750915527344
0.057822227478027344
0.04879450798034668
0.04699063301086426
0.058754920959472656
0.054308176040649414
0.048767805099487305
0.04790449142456055
0.048769235610961914
0.05205059051513672
0.05653786659240723
0.05929255485534668
0.05708765983581543
0.04926037788391113
0.05963540077209473
0.051987409591674805
0.058834075927734375
0.05776333808898926
0.06414914131164551
0.061646223068237305
0.06000161170959473
0.05050158500671387
0.05166816711425781
0.04678225517272949
0.04780292510986328
0.0597834587097168
0.05554842948913574
0.05187058448791504
0.051538705825805664
0.05521106719970703
0.05343127250671387
0.04694986343383789
0.046273231506347656
0.05134415626525879
0.05813264846801758
0.0572969913482666
0.048775672912597656
0.042527198791503906
0.05975651741027832
0.055708885192871094
0.04887104034423828
0.04258918762207031
0.04706215858459473
0.04876089096069336
0.06212210655212402
0.05877566337585449
0.04531431198120117
0.049844980239868164
0.05682516098022461
0.057951927185058594
0.049982547760009766
0.031144380569458008
0.05066061019897461
0.056981563568115234
0.052657127380371094
0.051012516021728516
0.05624818801879883
0.05099177360534668
0.061235666275024414
0.05863809585571289
0.050420522689819336
0.04243636131286621
0.05550837516784668
0.04602408409118652
0.04781079292297363
0.04840850830078125
0.05177140235900879
0.04602479934692383
0.04177665710449219
0.056978464126586914
0.06146645545959473
0.05192255973815918
0.05325722694396973
0.050583839416503906
0.053528547286987305
0.059662580490112305
0.048840999603271484
0.045075416564941406
0.052634239196777344
0.051682233810424805
0.04725956916809082
0.04879498481750488
0.04728055000305176
0.058737993240356445
0.06113624572753906
0.05218076705932617
0.05547904968261719
0.049653053283691406
0.04760265350341797
0.050864219665527344
0.05668520927429199
0.04674696922302246
0.05266928672790527
0.06197476387023926
0.0561525821685791
0.04804682731628418
0.045656442642211914
0.055727243423461914
0.04627370834350586
0.0596463680267334
0.04808974266052246
0.043410539627075195
0.04688453674316406
0.051215410232543945
0.054106950759887695
0.05021166801452637
0.060388803482055664
0.04808998107910156
0.04560256004333496
0.05524492263793945
0.04677891731262207
0.049551963806152344
0.05254936218261719
0.05487704277038574
0.044669151306152344
0.04397916793823242
0.04596400260925293
0.05185723304748535
0.0496516227722168
0.054770469665527344
0.06434273719787598
0.05113554000854492
0.057859182357788086
0.05591320991516113
0.054466962814331055
0.05473637580871582
0.047614336013793945
0.05459403991699219
0.056212663650512695
0.04694652557373047
0.04604744911193848
0.05261349678039551
0.0427706241607666
0.05450010299682617
0.05134701728820801
0.05103254318237305
0.04537844657897949
0.0588531494140625
0.057761192321777344
0.044765472412109375
0.047451019287109375
0.045117855072021484
0.052462100982666016
0.043901681900024414
0.051331281661987305
0.04100680351257324
0.042214393615722656
0.057259321212768555
0.04797863960266113
0.05643320083618164
0.04137086868286133
0.0532071590423584
0.06179022789001465
0.04810309410095215
0.04725956916809082
0.042498111724853516
0.04706716537475586
0.0440981388092041
0.046880483627319336
0.05494976043701172
0.0521697998046875
0.05785036087036133
0.057341575622558594
0.04203987121582031
0.049912452697753906
0.04885601997375488
0.05556631088256836
0.03944277763366699
0.0490574836730957
0.055860280990600586
0.055803775787353516
0.04773139953613281
0.045747995376586914
0.062040090560913086
0.04723310470581055
0.05256962776184082
0.04554867744445801
0.04138350486755371
0.04848122596740723
0.03641080856323242
0.06087040901184082
0.049510955810546875
0.052236318588256836
0.05791902542114258
0.04775881767272949
0.06012606620788574
0.05686664581298828
0.04601693153381348
0.05705380439758301
0.05527091026306152
0.05258750915527344
0.04732227325439453
0.052481889724731445
0.032271385192871094
0.031241178512573242
0.02769613265991211
0.054886579513549805
0.061447858810424805
0.04921388626098633
0.052092552185058594
0.0510706901550293
0.04609966278076172
0.04960441589355469
0.058455467224121094
0.04821205139160156
0.047514915466308594
0.03531479835510254
0.0565335750579834
0.04113650321960449
0.05621695518493652
0.06000804901123047
0.043793678283691406
0.044843435287475586
0.04993844032287598
0.043842315673828125
0.043270111083984375
0.05016136169433594
0.05380392074584961
0.05632591247558594
0.05153608322143555
0.04332137107849121
0.05053234100341797
0.045532941818237305
0.05212593078613281
0.05041217803955078
0.05111503601074219
0.05482220649719238
0.0507044792175293
0.047841548919677734
0.0433812141418457
0.050650596618652344
0.05757641792297363
0.05687713623046875
0.04688310623168945
0.05078458786010742
0.06462430953979492
0.051049232482910156
0.048194169998168945
0.043868303298950195
0.054932355880737305
0.042566776275634766
0.05462169647216797
0.04978513717651367
0.041922569274902344
0.0562131404876709
0.03728938102722168
0.053240060806274414
0.04988741874694824
0.04413032531738281
0.04812192916870117
0.05318331718444824
0.05819845199584961
0.05377006530761719
0.05050802230834961
0.060864925384521484
0.05607962608337402
0.05141019821166992
0.04806041717529297
0.05299639701843262
0.0639963150024414
0.050954580307006836
0.05078268051147461
0.048209428787231445
0.04978609085083008
0.04594254493713379
0.05547332763671875
0.05067634582519531
0.050245046615600586
0.04642176628112793
0.05689239501953125
0.04536700248718262
0.0630340576171875
0.04432797431945801
0.042990922927856445
0.04037785530090332
0.047400474548339844
0.05326509475708008
0.050536155700683594
0.045003652572631836
0.044908761978149414
0.05414223670959473
0.05407404899597168
0.041977643966674805
0.04346609115600586
0.04999852180480957
0.05140233039855957
0.04516124725341797
0.05324149131774902
0.04725313186645508
0.05213165283203125
0.0561680793762207
0.05583071708679199
0.04787445068359375
0.047249555587768555
0.0422365665435791
0.05502200126647949
0.04355430603027344
0.04271078109741211
0.05327033996582031
0.05406522750854492
0.05913686752319336
0.04802656173706055
0.04766273498535156
0.04813098907470703
0.05848884582519531
0.0535428524017334
0.053108930587768555
0.05197930335998535
0.04876875877380371
0.05760812759399414
0.05413222312927246
0.046210527420043945
0.040123701095581055
0.05266165733337402
0.05124711990356445
0.051738739013671875
0.06076979637145996
0.04598736763000488
0.03878664970397949
0.05125999450683594
0.05212235450744629
0.05829906463623047
0.05390644073486328
0.049199819564819336
0.049941301345825195
0.056982994079589844
0.052758216857910156
0.04760289192199707
0.043178558349609375
0.04819679260253906
0.04795670509338379
0.05356645584106445
0.04924798011779785
0.052561283111572266
0.04887056350708008
0.06167149543762207
0.04973769187927246
0.035980939865112305
0.03918600082397461
0.05231356620788574
0.049633026123046875
0.047634124755859375
0.044551849365234375
0.05131268501281738
0.04591107368469238
0.05572652816772461
0.056700944900512695
0.04385089874267578
0.0497891902923584
0.043744564056396484
0.05702471733093262
0.04914402961730957
0.047287940979003906
0.053971052169799805
0.051934003829956055
0.05053114891052246
0.04735827445983887
0.04883289337158203
0.04684138298034668
0.05186104774475098
0.05915355682373047
0.0346066951751709
0.05073094367980957
0.06865119934082031
0.05654501914978027
0.05716204643249512
0.057530879974365234
0.04242300987243652
0.04707598686218262
0.0501856803894043
0.05408143997192383
0.0537717342376709
0.048615217208862305
0.04415392875671387
0.045565128326416016
0.05750226974487305
0.04766654968261719
0.050675392150878906
0.04852414131164551
0.0526883602142334
0.04886984825134277
0.04123544692993164
0.046640872955322266
0.04487299919128418
0.03906130790710449
0.03470754623413086
0.05715060234069824
0.050637245178222656
0.0449070930480957
0.04334235191345215
0.06651592254638672
0.04720306396484375
0.04651594161987305
0.051410675048828125
0.05208992958068848
0.06389594078063965
0.05218100547790527
0.05734705924987793
0.05225253105163574
0.05807852745056152
0.05417513847351074
0.038449764251708984
0.0484926700592041
0.053606271743774414
0.0515899658203125
0.054093360900878906
0.05739903450012207
0.04507923126220703
0.04705691337585449
0.04445314407348633
0.04294466972351074
0.03946375846862793
0.05546236038208008
0.04790544509887695
0.058821678161621094
0.05427885055541992
0.05299210548400879
0.04629373550415039
0.047147512435913086
0.05832552909851074
0.058747053146362305
0.05532646179199219
0.043114662170410156
0.0455477237701416
0.0588383674621582
0.04963231086730957
0.04871773719787598
0.04522275924682617
0.05036044120788574
0.045767784118652344
0.047029972076416016
0.050789594650268555
0.05233001708984375
0.050390005111694336
0.05657768249511719
0.05651497840881348
0.050394535064697266
0.05052471160888672
0.035419464111328125
0.057689666748046875
0.05106186866760254
0.05247664451599121
0.05032682418823242
0.04266071319580078
0.04531121253967285
0.05006575584411621
0.04241061210632324
0.04660320281982422
0.041079044342041016
0.04543018341064453
0.0561223030090332
0.05333852767944336
0.03983139991760254
0.04556536674499512
0.060994625091552734
0.05193591117858887
0.053542137145996094
0.053313255310058594
0.048534393310546875
0.051817893981933594
0.05506086349487305
0.05167651176452637
0.04984784126281738
0.05810093879699707
0.04637789726257324
0.04475569725036621
0.052535295486450195
0.05711221694946289
0.057639360427856445
0.058600664138793945
0.05121564865112305
0.04498410224914551
0.06004142761230469
0.05847644805908203
0.05806398391723633
0.029369831085205078
0.04668116569519043
0.037995100021362305
0.053490400314331055
0.04769182205200195
0.05573248863220215
0.0466763973236084
0.03921079635620117
0.05480051040649414
0.04214596748352051
0.0657808780670166
0.05012917518615723
0.05019426345825195
0.03833603858947754
0.02877187728881836
0.04641366004943848
0.06216692924499512
0.04798531532287598
0.045476436614990234
0.055503129959106445
0.06185030937194824
0.05273938179016113
0.043630123138427734
0.04412221908569336
0.05559039115905762
0.0422215461730957
0.04029440879821777
0.05131888389587402
0.05060529708862305
0.04502511024475098
0.04831552505493164
0.04664945602416992
0.05289316177368164
0.05532360076904297
0.04107952117919922
0.05112195014953613
0.04910635948181152
0.046525001525878906
0.04653811454772949
0.043274641036987305
0.042403221130371094
0.03196406364440918
0.05205082893371582
0.05292630195617676
0.05152559280395508
0.056359052658081055
0.04155731201171875
0.05123734474182129
0.04978060722351074
0.048601388931274414
0.051096439361572266
0.04576420783996582
0.05125617980957031
0.05925631523132324
0.05326342582702637
0.050783395767211914
0.046042442321777344
0.03937268257141113
0.05287313461303711
0.049677133560180664
0.0529322624206543
0.04921078681945801
0.04121518135070801
0.05352973937988281
0.05755805969238281
0.05026865005493164
0.046512603759765625
0.045249223709106445
0.04375195503234863
0.05811572074890137
0.051484107971191406
0.056735992431640625
0.04951286315917969
0.04165315628051758
0.052558183670043945
0.05624508857727051
0.04240226745605469
0.048403024673461914
0.04735207557678223
0.046106576919555664
0.05249929428100586
0.0519866943359375
0.048239707946777344
0.04534411430358887
0.04994797706604004
0.05453991889953613
0.053816795349121094
0.04403400421142578
0.053086042404174805
0.04703259468078613
0.06230568885803223
0.052521705627441406
0.04149818420410156
0.04988527297973633
0.03911542892456055
0.05347704887390137
0.04204297065734863
0.046840667724609375
0.04685688018798828
0.0556797981262207
0.05641913414001465
0.049303531646728516
0.05536651611328125
0.04496288299560547
0.04650282859802246
0.057625532150268555
0.03355836868286133
0.04064369201660156
0.038021087646484375
0.046098947525024414
0.042299747467041016
0.0438385009765625
0.04892730712890625
0.05911850929260254
0.04849123954772949
0.044777870178222656
0.04917550086975098
0.05030202865600586
0.0561833381652832
0.049574851989746094
0.0667119026184082
0.044927120208740234
0.04474472999572754
0.04236030578613281
0.05605030059814453
0.04768562316894531
0.04843735694885254
0.05373430252075195
0.054854393005371094
0.05282163619995117
0.04964017868041992
0.04998421669006348
0.04995393753051758
0.0406956672668457
0.055672645568847656
0.04801034927368164
0.05596208572387695
0.06119966506958008
0.05753588676452637
0.04908180236816406
0.05321812629699707
0.0445098876953125
0.05800271034240723
0.05867266654968262
0.043674468994140625
0.04630470275878906
0.04419851303100586
0.04403972625732422
0.05277109146118164
0.05080413818359375
0.057547569274902344
0.04044175148010254
0.05422329902648926
0.042272090911865234
0.039505958557128906
0.043469905853271484
0.052954912185668945
0.04357337951660156
0.06011366844177246
0.0585169792175293
0.052248477935791016
0.057036399841308594
0.04979085922241211
0.04512906074523926
0.04759788513183594
0.05602240562438965
0.04909658432006836
0.0489201545715332
0.055341482162475586
0.04686713218688965
0.04930257797241211
0.04547595977783203
0.05604982376098633
0.052867889404296875
0.055437564849853516
0.0534052848815918
0.04803943634033203
0.05661916732788086
0.054708242416381836
0.053050994873046875
0.05840301513671875
0.04826807975769043
0.044646501541137695
0.04138445854187012
0.04340863227844238
0.05780291557312012
0.04906511306762695
0.05051898956298828
0.05664348602294922
0.04984426498413086
0.05356168746948242
0.046437740325927734
0.05112886428833008
0.05599093437194824
0.04589557647705078
0.05376243591308594
0.05033707618713379
0.041779279708862305
0.051586151123046875
0.045171260833740234
0.04080605506896973
0.05672764778137207
0.054741621017456055
0.053514719009399414
0.046241044998168945
0.043065786361694336
0.04909467697143555
0.04952692985534668
0.05649447441101074
0.05702090263366699
0.053929805755615234
0.045187950134277344
0.052585601806640625
0.049645423889160156
0.054082632064819336
0.04910874366760254
0.05336165428161621
0.05664491653442383
0.05830216407775879
0.05735325813293457
0.038172006607055664
0.06982135772705078
0.028954029083251953
0.02867889404296875
0.027690410614013672
0.061432838439941406
0.02862238883972168
0.027679920196533203
0.02761077880859375
0.04572558403015137
0.043839454650878906
0.04954266548156738
0.05264425277709961
0.03685641288757324
0.05170845985412598
0.05334615707397461
0.05126214027404785
0.045388221740722656
0.04454493522644043
0.04590797424316406
0.05549764633178711
0.057631492614746094
0.05509305000305176
0.04890131950378418
0.057276010513305664
0.044255971908569336
0.0572359561920166
0.05172586441040039
0.038925886154174805
0.056944847106933594
0.053003549575805664
0.0564732551574707
0.05132412910461426
0.046146392822265625
0.04648184776306152
0.050269365310668945
0.04342460632324219
0.04330921173095703
0.04500246047973633
0.05312514305114746
0.05120682716369629
0.043618202209472656
0.0469670295715332
0.048047542572021484
0.04999041557312012
0.051016807556152344
0.04311084747314453
0.04051065444946289
0.05664181709289551
0.054015398025512695
0.04992222785949707
0.042554616928100586
0.05264544486999512
0.04380369186401367
0.046782732009887695
0.03583955764770508
0.04657793045043945
0.049591064453125
0.04429173469543457
0.03957343101501465
0.0559687614440918
0.04988670349121094
0.05078482627868652
0.04974985122680664
0.05490922927856445
0.05444955825805664
0.04923701286315918
0.048845767974853516
0.048586368560791016
0.06274127960205078
0.04490518569946289
0.051000118255615234
0.04316449165344238
0.0486760139465332
0.05085945129394531
0.050444602966308594
0.06046295166015625
0.043840646743774414
0.0489962100982666
0.05582880973815918
0.05380368232727051
0.054403066635131836
0.03441214561462402
0.06540155410766602
0.04249691963195801
0.04781508445739746
0.0473020076751709
0.05004072189331055
0.05904555320739746
0.06034088134765625
0.04700207710266113
0.04729509353637695
0.052735090255737305
0.05961799621582031
0.05040121078491211
0.05504870414733887
0.059258460998535156
0.05532693862915039
0.04254007339477539
0.04652285575866699
0.05666017532348633
0.04901432991027832
0.05225014686584473
0.04738116264343262
0.04747462272644043
0.055829763412475586
0.06582403182983398
0.04228949546813965
0.04451465606689453
0.04709625244140625
0.05171966552734375
0.042342424392700195
0.054631948471069336
0.04365849494934082
0.04989433288574219
0.05596017837524414
0.042443037033081055
0.04418516159057617
0.05037689208984375
0.05127429962158203
0.053951263427734375
0.04790163040161133
0.05832624435424805
0.05048418045043945
0.044483184814453125
0.04867982864379883
0.0448155403137207
0.045072317123413086
0.047092437744140625
0.0595095157623291
0.05494189262390137
0.05188798904418945
0.05494546890258789
0.04597353935241699
0.05105733871459961
0.047113656997680664
0.04585671424865723
0.0430140495300293
0.05626940727233887
0.05919623374938965
0.04806995391845703
0.04611349105834961
0.04251360893249512
0.05709195137023926
0.047701120376586914
0.04485130310058594
0.042998552322387695
0.07002139091491699
0.05169320106506348
0.055689096450805664
0.04893016815185547
0.04174327850341797
0.0501401424407959
0.0561985969543457
0.05578732490539551
0.04947352409362793
0.045389652252197266
0.04862046241760254
0.059499502182006836
0.05425119400024414
0.04168367385864258
0.046311140060424805
0.040735483169555664
0.05568981170654297
0.05562734603881836
0.04518413543701172
0.053452491760253906
0.05497384071350098
0.045114755630493164
0.05193519592285156
0.04738497734069824
0.05401873588562012
0.060591936111450195
0.05289888381958008
0.05348491668701172
0.06380248069763184
0.049846649169921875
0.05101490020751953
0.041646718978881836
0.04768848419189453
0.054074764251708984
0.04413127899169922
0.051621437072753906
0.04938936233520508
0.054268598556518555
0.04496479034423828
0.0469660758972168
0.041400909423828125
0.04985451698303223
0.056749820709228516
0.0576474666595459
0.04857492446899414
0.04661083221435547
0.047632455825805664
0.05118417739868164
0.05585980415344238
0.05217766761779785
0.030189990997314453
0.04241013526916504
0.04822587966918945
0.05092978477478027
0.0489194393157959
0.04753994941711426
0.05287480354309082
0.053170204162597656
0.05205202102661133
0.05159807205200195
0.05220317840576172
0.05874800682067871
0.0572967529296875
0.054302215576171875
0.04381060600280762
0.04460906982421875
0.04987812042236328
0.048577308654785156
0.04787611961364746
0.042749881744384766
0.04335808753967285
0.0551753044128418
0.055139780044555664
0.04853415489196777
0.04808330535888672
0.04729056358337402
0.06219601631164551
0.046955108642578125
0.049002647399902344
0.04687952995300293
0.055474281311035156
0.057940006256103516
0.05616450309753418
0.05184793472290039
0.04827713966369629
0.0603184700012207
0.05835723876953125
0.04999876022338867
0.04687023162841797
0.05253267288208008
0.04493451118469238
0.06034493446350098
0.05255889892578125
0.04883551597595215
0.04969930648803711
0.05257225036621094
0.05321645736694336
0.049132347106933594
0.04284405708312988
0.04308605194091797
0.03938794136047363
0.04498910903930664
0.04896831512451172
0.04821896553039551
0.05396914482116699
0.043332815170288086
0.04276275634765625
0.054761409759521484
0.04830813407897949
0.040489912033081055
0.04438591003417969
0.039279937744140625
0.047281503677368164
0.03317570686340332
0.060094356536865234
0.0526275634765625
0.04894208908081055
0.04705095291137695
0.047234296798706055
0.05382561683654785
0.0446169376373291
0.048445701599121094
0.05184507369995117
0.04997420310974121
0.053562164306640625
0.05499839782714844
0.040311336517333984
0.0590057373046875
0.0581204891204834
0.05869913101196289
0.047640085220336914
0.05422711372375488
0.0552210807800293
0.04197525978088379
0.05305981636047363
0.04559659957885742
0.04509449005126953
0.05229473114013672
0.04592776298522949
0.04210090637207031
0.03641843795776367
0.04615044593811035
0.05468606948852539
0.04748082160949707
0.045102834701538086
0.04672646522521973
0.04490065574645996
0.042176246643066406
0.04422783851623535
0.04216599464416504
0.04055905342102051
0.0448455810546875
0.051091670989990234
0.04384946823120117
0.04941844940185547
0.051627159118652344
0.053449392318725586
0.04700779914855957
0.03918933868408203
0.045427799224853516
0.04264712333679199
0.04399728775024414
0.04155158996582031
0.05405998229980469
0.05439281463623047
0.05371260643005371
0.06416535377502441
0.05243039131164551
0.0499422550201416
0.046984195709228516
0.0481867790222168
0.058329105377197266
0.05890774726867676
0.04058265686035156
0.039269208908081055
0.0451962947845459
0.05379772186279297
0.041384220123291016
0.048934221267700195
0.04530215263366699
0.04476356506347656
0.04070615768432617
0.052695512771606445
0.04356741905212402
0.03858375549316406
0.0460057258605957
0.04085707664489746
0.05998730659484863
0.052551984786987305
0.05000424385070801
0.03935098648071289
0.04304337501525879
0.06531643867492676
0.0530245304107666
0.049092769622802734
0.048230886459350586
0.04350471496582031
0.051871299743652344
0.05108475685119629
0.059067726135253906
0.05112338066101074
0.04438161849975586
0.05090832710266113
0.05002927780151367
0.04203319549560547
0.041075944900512695
0.04293656349182129
0.053119659423828125
0.04707956314086914
0.041590213775634766
0.049629926681518555
0.0587763786315918
0.05745840072631836
0.04703640937805176
0.04270672798156738
0.0611577033996582
0.04822516441345215
0.03903603553771973
0.04648566246032715
0.044744253158569336
0.04718422889709473
0.042198896408081055
0.055297136306762695
0.052018165588378906
0.04660177230834961
0.05790567398071289
0.038872718811035156
0.045088768005371094
0.04841756820678711
0.037047386169433594
0.05777406692504883
0.045812129974365234
0.04695916175842285
0.04764437675476074
0.04367208480834961
0.040364742279052734
0.042409420013427734
0.04536700248718262
0.05225706100463867
0.04786825180053711
0.048211097717285156
0.05758070945739746
0.04840087890625
0.044629812240600586
0.05314517021179199
0.04092860221862793
0.06438803672790527
0.04964423179626465
0.04742074012756348
0.03865694999694824
0.06936240196228027
0.028552770614624023
0.028364896774291992
0.03408336639404297
0.04213571548461914
0.038717031478881836
0.056314706802368164
0.05042433738708496
0.04351305961608887
0.038912057876586914
0.06055498123168945
0.060123443603515625
0.04138374328613281
0.0501863956451416
0.047992706298828125
0.05007505416870117
0.04495716094970703
0.0502932071685791
0.05287957191467285
0.04438185691833496
0.054685115814208984
0.0619049072265625
0.05837607383728027
0.05314135551452637
0.048299551010131836
0.04580068588256836
0.044321298599243164
0.04500222206115723
0.03500485420227051
0.04392719268798828
0.04062342643737793
0.047423362731933594
0.051609039306640625
0.05609011650085449
0.048036813735961914
0.050126075744628906
0.05594635009765625
0.04813218116760254
0.044176340103149414
0.04625439643859863
0.04626584053039551
0.05020284652709961
0.06281018257141113
0.044708251953125
0.04539847373962402
0.04451155662536621
0.03452444076538086
0.05406808853149414
0.05502605438232422
0.0550227165222168
0.0505213737487793
0.05005979537963867
0.04685163497924805
0.04544496536254883
0.04742431640625
0.05149650573730469
0.053084373474121094
0.04657411575317383
0.05074572563171387
0.0463716983795166
0.04690885543823242
0.051802873611450195
0.05421733856201172
0.04845571517944336
0.04713702201843262
0.05672097206115723
0.04720473289489746
0.04109978675842285
0.05003714561462402
0.05255579948425293
0.05425834655761719
0.06086230278015137
0.04225015640258789
0.03798317909240723
0.04548788070678711
0.04899454116821289
0.05125236511230469
0.05817675590515137
0.043914794921875
0.0491485595703125
0.041728973388671875
0.0487668514251709
0.04949760437011719
0.04595136642456055
0.0391237735748291
0.044083356857299805
0.05055809020996094
0.033200740814208984
0.04889631271362305
0.04896044731140137
0.040770530700683594
0.05539441108703613
0.038045644760131836
0.046033620834350586
0.04513716697692871
0.05166053771972656
0.05145120620727539
0.045739173889160156
0.046228647232055664
0.05374956130981445
0.06138801574707031
0.056424617767333984
0.05907487869262695
0.049773216247558594
0.04632830619812012
0.05527234077453613
0.042733192443847656
0.052985429763793945
0.05808258056640625
0.042523860931396484
0.04901862144470215
0.05354428291320801
0.04242587089538574
0.055478811264038086
0.05247664451599121
0.04802560806274414
0.060132503509521484
0.052686452865600586
0.048256635665893555
0.05009818077087402
0.04713273048400879
0.05511665344238281
0.05472445487976074
0.03310084342956543
0.054598331451416016
0.048388004302978516
0.04568338394165039
0.053612709045410156
0.05067300796508789
0.05109405517578125
0.049047231674194336
0.04229474067687988
0.05398392677307129
0.049298763275146484
0.051546335220336914
0.05062603950500488
0.04871249198913574
0.0577239990234375
0.055962324142456055
0.0452580451965332
0.04256749153137207
0.053980112075805664
0.05806565284729004
0.055783987045288086
0.04649615287780762
0.04356503486633301
0.04802560806274414
0.04165363311767578
0.05186057090759277
0.05123710632324219
0.047154903411865234
0.05873584747314453
0.0574040412902832
0.04831981658935547
0.0429537296295166
0.04655814170837402
0.048211097717285156
0.0529787540435791
0.04347491264343262
0.04586935043334961
0.04854178428649902
0.05470538139343262
0.04664468765258789
0.04402041435241699
0.060395240783691406
0.05906367301940918
0.0472414493560791
0.03801703453063965
0.04502153396606445
0.058036088943481445
0.05001950263977051
0.05450940132141113
0.05233311653137207
0.04241299629211426
0.042952537536621094
0.05774569511413574
0.05539870262145996
0.04954266548156738
0.051346778869628906
0.0559079647064209
0.050603628158569336
0.05392909049987793
0.06376194953918457
0.05298614501953125
0.05145716667175293
0.04211735725402832
0.04506063461303711
0.04610610008239746
0.053136587142944336
0.046602487564086914
0.04351949691772461
0.05726146697998047
0.05743575096130371
0.05772113800048828
0.054381370544433594
0.05132555961608887
0.05121040344238281
0.04908251762390137
0.052260637283325195
0.04564499855041504
0.050515174865722656
0.054743051528930664
0.05390620231628418
0.053314208984375
0.040903329849243164
0.05170774459838867
0.04693269729614258
0.04630398750305176
0.04583311080932617
0.03761410713195801
0.04755282402038574
0.05405402183532715
0.05379056930541992
0.05392789840698242
0.05414700508117676
0.04601740837097168
0.04879474639892578
0.0462949275970459
0.04716920852661133
0.04485368728637695
0.0439610481262207
0.05316352844238281
0.05486607551574707
0.05862307548522949
0.045444488525390625
0.05064558982849121
0.04146933555603027
0.0576024055480957
0.0460970401763916
0.04681968688964844
0.044951438903808594
0.04404044151306152
0.043392181396484375
0.05090165138244629
0.0522310733795166
0.06289839744567871
0.0559697151184082
0.045126914978027344
0.049017906188964844
0.05425763130187988
0.03204655647277832
0.056534528732299805
0.051579952239990234
0.052428245544433594
0.05634284019470215
0.05682182312011719
0.05139589309692383
0.047783851623535156
0.04329514503479004
0.04264116287231445
0.046819210052490234
0.05392026901245117
0.05112004280090332
0.04678773880004883
0.051696062088012695
0.0587763786315918
0.04500889778137207
0.051676034927368164
0.059676170349121094
0.04117298126220703
0.046291351318359375
0.052321434020996094
0.05844855308532715
0.031580448150634766
0.04592561721801758
0.047917842864990234
0.048905134201049805
0.05417203903198242
0.052260398864746094
0.05296778678894043
0.04924321174621582
0.04943490028381348
0.05264019966125488
0.05526280403137207
0.0507969856262207
0.05276298522949219
0.05848836898803711
0.04372692108154297
0.0490725040435791
0.04580235481262207
0.046616554260253906
0.04087018966674805
0.048198699951171875
0.05419039726257324
0.05720663070678711
0.04857206344604492
0.05765795707702637
0.04493308067321777
0.05472230911254883
0.05448436737060547
0.04356813430786133
0.04005742073059082
0.0480656623840332
0.04171466827392578
0.04831671714782715
0.0558629035949707
0.04333162307739258
0.06241464614868164
0.05037736892700195
0.041584014892578125
0.04435157775878906
0.04786801338195801
0.03986501693725586
0.05451631546020508
0.041312456130981445
0.05066990852355957
0.059868812561035156
0.051497697830200195
0.05446600914001465
0.04692530632019043
0.050261735916137695
0.03780341148376465
0.04887557029724121
0.04431414604187012
0.04609036445617676
0.06102895736694336
0.052553415298461914
0.050244808197021484
0.05688309669494629
0.05258345603942871
0.04258441925048828
0.057512521743774414
0.05646538734436035
0.051795005798339844
0.046678781509399414
0.05930328369140625
0.05226492881774902
0.052587032318115234
0.04770517349243164
0.04615497589111328
0.05584979057312012
0.051924943923950195
0.057971954345703125
0.050240278244018555
0.05458259582519531
0.04593014717102051
0.053110361099243164
0.04497718811035156
0.04711580276489258
0.06006002426147461
0.05767560005187988
0.056204795837402344
0.052887916564941406
0.05718541145324707
0.04268765449523926
0.05590081214904785
0.05019402503967285
0.04578590393066406
0.0507359504699707
0.05408620834350586
0.04909634590148926
0.0419917106628418
0.04631447792053223
0.03955721855163574
0.04180645942687988
0.03928685188293457
0.0461733341217041
0.05038142204284668
0.04472923278808594
0.05540037155151367
0.054253339767456055
0.060620784759521484
0.055315256118774414
0.05829000473022461
0.04694509506225586
0.05249595642089844
0.03399658203125
0.046082496643066406
0.05352354049682617
0.03756070137023926
0.04370570182800293
0.0546267032623291
0.05733323097229004
0.046382904052734375
0.0501861572265625
0.04571199417114258
0.05827593803405762
0.05589175224304199
0.05339789390563965
0.04409909248352051
0.04697895050048828
0.05234670639038086
0.04799318313598633
0.04804420471191406
0.042356014251708984
0.04537701606750488
0.05258512496948242
0.04848170280456543
0.05285143852233887
0.052027225494384766
0.051203012466430664
0.0438232421875
0.058376312255859375
0.0439457893371582
0.0465998649597168
0.0567479133605957
0.04896259307861328
0.03777742385864258
0.05871701240539551
0.05426836013793945
0.0595707893371582
0.05605578422546387
0.05690574645996094
0.05335092544555664
0.045809268951416016
0.04757881164550781
0.05738401412963867
0.042098283767700195
0.04448199272155762
0.040586233139038086
0.05226755142211914
0.049738407135009766
0.047368526458740234
0.05130457878112793
0.0542292594909668
0.045577049255371094
0.056405067443847656
0.058461904525756836
0.04750633239746094
0.05255484580993652
0.05673813819885254
0.04727315902709961
0.03923678398132324
0.05057477951049805
0.053356170654296875
0.05012869834899902
0.04651927947998047
0.05381441116333008
0.050623416900634766
0.03969383239746094
0.0618588924407959
0.05163264274597168
0.04474997520446777
0.05157804489135742
0.04763936996459961
0.04912304878234863
0.04327726364135742
0.04514265060424805
0.05701136589050293
0.05798482894897461
0.049622297286987305
0.04577064514160156
0.04648590087890625
0.04271101951599121
0.052724599838256836
0.050100088119506836
0.05288434028625488
0.05970144271850586
0.04514455795288086
0.04851484298706055
0.04771876335144043
0.05390024185180664
0.05743050575256348
0.06570744514465332
0.05059647560119629
0.04664969444274902
0.041464805603027344
0.058707475662231445
0.05365252494812012
0.05076789855957031
0.05741286277770996
0.046619415283203125
0.060315608978271484
0.05197596549987793
0.05505967140197754
0.05131816864013672
0.045247554779052734
0.05536055564880371
0.053863525390625
0.05085492134094238
0.04655718803405762
0.04566621780395508
0.04140663146972656
0.04625701904296875
0.04194045066833496
0.053720712661743164
0.04750990867614746
0.05317544937133789
0.04770088195800781
0.052001953125
0.06027960777282715
0.04217958450317383
0.046057939529418945
0.04260683059692383
0.051293134689331055
0.051268815994262695
0.04613804817199707
0.0460662841796875
0.04050111770629883
0.049135446548461914
0.050919294357299805
0.05402088165283203
0.056365251541137695
0.05704927444458008
0.04893898963928223
0.053421974182128906
0.056778669357299805
0.05306673049926758
0.04894876480102539
0.04664134979248047
0.05554509162902832
0.04890942573547363
0.05511283874511719
0.05440378189086914
0.05765175819396973
0.04576826095581055
0.04819035530090332
0.045534610748291016
0.053933143615722656
0.0386202335357666
0.04837822914123535
0.04622960090637207
0.04201388359069824
0.05805397033691406
0.04958367347717285
0.05114316940307617
0.05328369140625
0.060334205627441406
0.04724836349487305
0.0554652214050293
0.05190730094909668
0.04368853569030762
0.0455782413482666
0.03822922706604004
0.05116629600524902
0.057557106018066406
0.04175543785095215
0.04678058624267578
0.05602669715881348
0.05219912528991699
0.04701423645019531
0.04799079895019531
0.054123640060424805
0.05117964744567871
0.04761910438537598
0.056241750717163086
0.06867218017578125
0.05609917640686035
0.055783987045288086
0.05256390571594238
0.05380558967590332
0.05395174026489258
0.056000709533691406
0.04494976997375488
0.04352521896362305
0.047098398208618164
0.04488229751586914
0.03484606742858887
0.051184892654418945
0.04651045799255371
0.05113339424133301
0.04233527183532715
0.041159868240356445
0.0496983528137207
0.04843473434448242
0.06131291389465332
0.04730415344238281
0.05266451835632324
0.05946230888366699
0.04847407341003418
0.05785250663757324
0.056908607482910156
0.04887795448303223
0.04608488082885742
0.04533529281616211
0.05098366737365723
0.03997015953063965
0.03737449645996094
0.0512547492980957
0.04629778861999512
0.0518496036529541
0.0407717227935791
0.0570220947265625
0.04113435745239258
0.04110312461853027
0.046801090240478516
0.04601144790649414
0.05795907974243164
0.044583797454833984
0.06085085868835449
0.04995870590209961
0.05187511444091797
0.04492950439453125
0.04932856559753418
0.05183696746826172
0.04463315010070801
0.06514573097229004
0.04496598243713379
0.052828311920166016
0.05338120460510254
0.040769338607788086
0.05121040344238281
0.046137332916259766
0.05678153038024902
0.046218156814575195
0.05304145812988281
0.045554399490356445
0.04437255859375
0.04647231101989746
0.045053958892822266
0.04580521583557129
0.057367563247680664
0.049756765365600586
0.038683176040649414
0.04161238670349121
0.0546875
0.04355978965759277
0.04426431655883789
0.054061174392700195
0.03706955909729004
0.04215383529663086
0.050623178482055664
0.052057743072509766
0.05241870880126953
0.042257070541381836
0.04663705825805664
0.0434718132019043
0.0411376953125
0.0423884391784668
0.0471959114074707
0.05702781677246094
0.05186629295349121
0.04490399360656738
0.05764484405517578
0.05406975746154785
0.0505068302154541
0.0487973690032959
0.056488990783691406
0.049947500228881836
0.05088400840759277
0.051673173904418945
0.0454714298248291
0.03706812858581543
0.06453728675842285
0.04371500015258789
0.05282902717590332
0.05898332595825195
0.05722403526306152
0.05229616165161133
0.04370903968811035
0.0485386848449707
0.052845001220703125
0.047319889068603516
0.052240848541259766
0.049027204513549805
0.05083322525024414
0.04238533973693848
0.054015398025512695
0.05195331573486328
0.045069217681884766
0.05916953086853027
0.04935622215270996
0.04780459403991699
0.05071616172790527
0.048375606536865234
0.05612635612487793
0.052945613861083984
0.03874063491821289
0.03928542137145996
0.05437922477722168
0.053310394287109375
0.0497128963470459
0.05240797996520996
0.054708003997802734
0.04868721961975098
0.04736900329589844
0.04280662536621094
0.05778169631958008
0.052880048751831055
0.05222725868225098
0.05440855026245117
0.04381918907165527
0.05469489097595215
0.05207014083862305
0.041597604751586914
0.03502941131591797
0.05240511894226074
0.049202680587768555
0.05558013916015625
0.05045628547668457
0.03921389579772949
0.04122161865234375
0.05004477500915527
0.05111861228942871
0.04745817184448242
0.04630613327026367
0.05204486846923828
0.04859423637390137
0.03722429275512695
0.05650472640991211
0.043279170989990234
0.04407548904418945
0.036202192306518555
0.047446489334106445
0.06013822555541992
0.06225752830505371
0.04926419258117676
0.0535588264465332
0.0664377212524414
0.03691744804382324
0.03780198097229004
0.057480573654174805
0.04801368713378906
0.04809737205505371
0.048026323318481445
0.04377889633178711
0.04598402976989746
0.05678534507751465
0.052434444427490234
0.04031062126159668
0.04387307167053223
0.05522322654724121
0.054200172424316406
0.05033540725708008
0.04918646812438965
0.059455156326293945
0.030285120010375977
0.054177284240722656
0.049265146255493164
0.037691354751586914
0.04337668418884277
0.05660605430603027
0.048419952392578125
0.05699443817138672
0.04628610610961914
0.053955078125
0.05499076843261719
0.0501713752746582
0.05105233192443848
0.03897905349731445
0.05680561065673828
0.0553135871887207
0.051141977310180664
0.049874067306518555
0.05037260055541992
0.05504798889160156
0.046843528747558594
0.05303239822387695
0.05031442642211914
0.05649852752685547
0.040209293365478516
0.05732131004333496
0.05070900917053223
0.03731870651245117
0.05566549301147461
0.05075836181640625
0.048812150955200195
0.0497894287109375
0.045806884765625
0.05358004570007324
0.051680803298950195
0.04711031913757324
0.05807328224182129
0.050900936126708984
0.052385568618774414
0.04563760757446289
0.05183529853820801
0.047989845275878906
0.050965070724487305
0.06060791015625
0.05108284950256348
0.052874088287353516
0.05119514465332031
0.05278301239013672
0.04481863975524902
0.044347286224365234
0.043726444244384766
0.04774045944213867
0.040378570556640625
0.04575204849243164
0.04235410690307617
0.0439000129699707
0.043740272521972656
0.061772823333740234
0.05199480056762695
0.04867839813232422
0.047548532485961914
0.04254412651062012
0.047620534896850586
0.0408017635345459
0.046408653259277344
0.06124997138977051
0.04619097709655762
0.05635476112365723
0.054253339767456055
0.04418516159057617
0.05229687690734863
0.055611371994018555
0.04657411575317383
0.04442191123962402
0.05257105827331543
0.046035051345825195
0.05417013168334961
0.05350685119628906
0.04591655731201172
0.04487299919128418
0.05565333366394043
0.05716228485107422
0.050339698791503906
0.050029754638671875
0.058975934982299805
0.05436301231384277
0.05217909812927246
0.03423953056335449
0.04867863655090332
0.0400087833404541
0.05132460594177246
0.04513835906982422
0.04594159126281738
0.0446927547454834
0.03669476509094238
0.051178932189941406
0.051689863204956055
0.050689697265625
0.04964804649353027
0.04263782501220703
0.04974818229675293
0.04045748710632324
0.05560755729675293
0.06115531921386719
0.06159496307373047
0.054436683654785156
0.05547499656677246
0.047283172607421875
0.04216909408569336
0.03384733200073242
0.06500768661499023
0.02889227867126465
0.028284072875976562
0.028427839279174805
0.05278897285461426
0.04798555374145508
0.045678138732910156
0.04565548896789551
0.046782732009887695
0.04517841339111328
0.04740262031555176
0.05326056480407715
0.04874873161315918
0.05300092697143555
0.04535937309265137
0.055830955505371094
0.05061221122741699
0.045189857482910156
0.038994789123535156
0.04334616661071777
0.04476499557495117
0.044777631759643555
0.04099392890930176
0.046047210693359375
0.054285287857055664
0.05369424819946289
0.043851375579833984
0.04968404769897461
0.04465770721435547
0.041059255599975586
0.05123424530029297
0.04610490798950195
0.04452919960021973
0.05434155464172363
0.06129622459411621
0.04725956916809082
0.05389404296875
0.044352054595947266
0.04653453826904297
0.048773765563964844
0.04163956642150879
0.05338287353515625
0.04404282569885254
0.04259896278381348
0.06106925010681152
0.04442930221557617
0.04784655570983887
0.049037933349609375
0.0420842170715332
0.05528879165649414
0.05502796173095703
0.04860734939575195
0.04746699333190918
0.05569171905517578
0.044654130935668945
0.05472159385681152
0.055001020431518555
0.04362678527832031
0.047388553619384766
0.057671546936035156
0.03957223892211914
0.04163646697998047
0.0399012565612793
0.044378042221069336
0.03634381294250488
0.046700477600097656
0.05304527282714844
0.031095266342163086
0.04151725769042969
0.049486637115478516
0.04489278793334961
0.05349254608154297
0.04537391662597656
0.0591428279876709
0.041788578033447266
0.041413307189941406
0.037904977798461914
0.04283285140991211
0.05515646934509277
0.04546713829040527
0.04197096824645996
0.06245255470275879
0.0476231575012207
0.04848647117614746
0.04705238342285156
0.04109787940979004
0.048616886138916016
0.05982089042663574
0.046586036682128906
0.0469965934753418
0.03146815299987793
0.05389261245727539
0.0440521240234375
0.046547651290893555
0.05752706527709961
0.05603480339050293
0.05686235427856445
0.054123878479003906
0.0529780387878418
0.05559682846069336
0.04232954978942871
0.06464600563049316
0.046401023864746094
0.05449962615966797
0.0473477840423584
0.04929018020629883
0.06224465370178223
0.05331587791442871
0.048276424407958984
0.04653453826904297
0.06091451644897461
0.05052924156188965
0.0561521053314209
0.050203561782836914
0.062340497970581055
0.05415940284729004
0.054840803146362305
0.04284477233886719
0.04267406463623047
0.04876422882080078
0.04314398765563965
0.04682493209838867
0.042421817779541016
0.040956974029541016
0.04139590263366699
0.050771474838256836
0.04996299743652344
0.042389631271362305
0.0421290397644043
0.04320788383483887
0.05898928642272949
0.0517578125
0.04922175407409668
0.05620551109313965
0.04868364334106445
0.06004214286804199
0.04994010925292969
0.048627376556396484
0.051815032958984375
0.042136430740356445
0.053435564041137695
0.04888129234313965
0.05546855926513672
0.04358530044555664
0.048944711685180664
0.060762882232666016
0.047861337661743164
0.04885101318359375
0.047930002212524414
0.04662966728210449
0.05782794952392578
0.05415487289428711
0.05844688415527344
0.05070662498474121
0.03279829025268555
0.052936553955078125
0.05070924758911133
0.0472261905670166
0.05395388603210449
0.05017280578613281
0.05532407760620117
0.05976557731628418
0.051633358001708984
0.05243277549743652
0.05035209655761719
0.05464768409729004
0.04557204246520996
0.05258893966674805
0.0497896671295166
0.041301727294921875
0.044638633728027344
0.05295515060424805
0.05109119415283203
